-1.42 -1.47 -1.48 -1.37 -1.35 -1.39 -1.47 -1.50 -1.58 -1.48 -1.35 -1.25
-1.33 -1.41 -1.41 -1.43 -1.39 -1.37 -1.39 -1.42 -1.39 -1.28 -1.48 -1.55
-1.62 -1.65 -1.50 -1.44 -1.56 -1.67 -1.62 -1.59 -1.55 -1.50 -1.52 -1.52
-1.55 -1.40 -1.44 -1.54 -1.56 -1.50 -1.58 -1.55 -1.54 -1.49 -1.54 -1.58
-1.43 -1.41 -1.51 -1.58 -1.61 -1.62 -1.51 -1.48 -1.51 -1.42 -1.54 -1.50
-1.51 -1.55 -1.69 -1.69 -1.62 -1.62 -1.70 -1.67 -1.69 -1.72 -1.69 -1.81
-1.83 -1.84 -1.74 -1.74 -1.78 -1.62 -1.60 -1.63 -1.67 -1.75 -1.70 -1.79
-1.88 -1.72 -1.64 -1.73 -1.82 -1.83 -1.82 -1.77 -1.87 -1.89 -1.82 -1.76
-1.81 -1.93 -1.88 -1.90 -1.82 -1.80 -1.89 -1.94 -1.93 -1.86 -1.84 -1.90
-1.98 -2.03 -1.98 -1.97 -1.99 -1.99 -2.03 -2.02 -1.90 -1.82 -1.94 -2.06
-2.13 -2.05 -1.97 -1.89 -1.92 -2.00 -2.06 -2.08 -2.18 -2.15 -2.15 -2.12
-2.19 -2.20 -2.21 -2.25 -2.32 -2.31 -2.27 -2.28 -2.27 -2.29 -2.31 -2.34
-2.73 -2.90 -2.77 -2.72 -2.64 -2.56 -2.82 -3.08 -3.10 -2.74 -2.53 -2.63
-2.97 -2.96 -3.05 -2.94 -2.60 -2.66 -2.78 -2.66 -2.16 -2.18 -2.96 -2.89
-2.99 -2.71 -2.43 -2.55 -2.95 -2.80 -2.64 -2.39 -2.40 -2.70 -3.10 -2.93
-2.76 -2.66 -2.79 -3.01 -3.00 -2.96 -2.94 -2.77 -2.93 -3.11 -3.11 -2.69
-2.47 -2.82 -3.09 -3.14 -3.16 -2.93 -2.85 -2.87 -2.60 -2.48 -2.66 -2.73
-2.75 -2.70 -2.83 -3.05 -3.06 -3.00 -2.99 -2.94 -2.87 -2.90 -3.30 -3.44
-3.39 -3.39 -3.32 -3.11 -2.92 -3.01 -3.14 -3.05 -3.14 -3.27 -3.38 -3.48
-3.20 -3.07 -3.12 -3.20 -3.43 -3.36 -3.30 -3.36 -3.46 -3.31 -2.99 -3.10
-3.39 -3.41 -3.40 -3.25 -3.09 -3.10 -3.27 -3.14 -2.86 -2.85 -3.15 -3.34
-3.33 -2.97 -2.87 -3.09 -3.13 -3.18 -3.23 -3.15 -2.87 -2.92 -3.37 -3.51
-3.45 -3.26 -3.18 -3.13 -3.08 -3.09 -3.19 -3.29 -3.28 -3.26 -3.28 -3.34
-3.31 -3.32 -3.41 -3.47 -3.56 -3.51 -3.41 -3.44 -3.51 -3.57 -3.63 -3.64
-3.28 -3.18 -3.12 -3.06 -3.09 -3.33 -3.66 -3.50 -3.18 -2.96 -3.15 -3.42
-3.45 -3.52 -3.38 -3.13 -3.10 -3.24 -3.12 -2.68 -2.85 -3.30 -3.42 -3.29
-3.08 -2.91 -3.06 -3.34 -3.21 -3.07 -2.93 -2.93 -3.25 -3.47 -3.32 -3.13
-3.17 -3.26 -3.43 -3.37 -3.37 -3.28 -3.25 -3.35 -3.56 -3.48 -3.09 -3.00
-3.33 -3.58 -3.56 -3.49 -3.25 -3.26 -3.27 -3.02 -2.96 -2.97 -3.09 -3.05
-3.10 -3.22 -3.42 -3.36 -3.32 -3.35 -3.37 -3.22 -3.29 -3.68 -3.75 -3.74
-3.71 -3.74 -3.51 -3.30 -3.43 -3.49 -3.44 -3.59 -3.65 -3.74 -3.76 -3.52
-3.49 -3.51 -3.61 -3.81 -3.73 -3.65 -3.76 -3.83 -3.64 -3.37 -3.55 -3.78
-3.76 -3.73 -3.58 -3.46 -3.50 -3.63 -3.52 -3.27 -3.30 -3.54 -3.65 -3.74
-3.45 -3.32 -3.45 -3.47 -3.50 -3.67 -3.64 -3.38 -3.41 -3.76 -4.03 -3.97
-3.80 -3.67 -3.60 -3.48 -3.48 -3.59 -3.67 -3.67 -3.72 -3.71 -3.76 -3.73
-3.75 -3.88 -3.94 -4.05 -4.01 -3.90 -3.99 -4.05 -4.05 -4.15 -4.25 -4.25
-3.52 -3.58 -3.44 -3.44 -3.73 -3.97 -3.89 -3.50 -3.28 -3.42 -3.78 -3.81
-3.92 -3.59 -3.34 -3.49 -3.63 -3.53 -2.94 -3.13 -3.84 -3.82 -3.90 -3.43
-3.14 -3.40 -3.73 -3.61 -3.46 -3.15 -3.15 -3.57 -3.99 -3.77 -3.56 -3.48
-3.70 -3.87 -3.82 -3.80 -3.72 -3.59 -3.74 -3.90 -3.92 -3.47 -3.40 -3.75
-3.97 -4.08 -4.07 -3.80 -3.74 -3.61 -3.33 -3.31 -3.47 -3.57 -3.68 -3.63
-3.79 -3.97 -3.97 -3.85 -3.73 -3.75 -3.72 -3.80 -4.23 -4.31 -4.20 -4.22
-4.17 -3.94 -3.73 -3.91 -4.10 -4.00 -4.04 -4.14 -4.29 -4.37 -4.08 -3.98
-3.97 -4.06 -4.27 -4.20 -4.12 -4.07 -4.15 -4.10 -3.88 -4.00 -4.15 -4.11
-4.08 -3.94 -3.81 -3.86 -3.96 -3.85 -3.52 -3.50 -3.82 -4.03 -4.04 -3.74
-3.59 -3.66 -3.71 -3.76 -3.92 -4.00 -3.68 -3.65 -3.98 -4.24 -4.31 -4.05
-3.95 -3.85 -3.74 -3.73 -3.85 -3.95 -3.98 -3.99 -3.98 -3.95 -4.01 -4.09
-4.18 -4.24 -4.30 -4.18 -4.13 -4.25 -4.29 -4.22 -4.35 -4.54 -4.61 -4.64
-3.81 -3.61 -3.52 -3.76 -3.97 -3.85 -3.60 -3.31 -3.52 -3.85 -3.94 -4.01
-3.58 -3.33 -3.60 -3.87 -3.61 -2.88 -3.06 -4.00 -4.06 -4.07 -3.71 -3.13
-3.37 -3.90 -3.79 -3.65 -3.15 -3.10 -3.67 -4.20 -4.11 -3.74 -3.62 -3.79
-4.11 -4.07 -4.03 -3.92 -3.81 -3.88 -4.15 -4.14 -3.71 -3.55 -3.91 -4.14
-4.30 -4.53 -4.31 -4.12 -3.80 -3.43 -3.50 -3.78 -4.14 -4.17 -4.16 -4.21
-4.40 -4.55 -4.34 -4.02 -4.02 -4.07 -4.23 -4.73 -4.77 -4.66 -4.69 -4.56
-4.18 -4.08 -4.34 -4.64 -4.46 -4.37 -4.46 -4.78 -4.99 -4.70 -4.41 -4.31
-4.46 -4.65 -4.57 -4.47 -4.34 -4.42 -4.55 -4.31 -4.33 -4.41 -4.43 -4.41
-4.26 -4.13 -4.17 -4.23 -4.10 -3.60 -3.57 -4.05 -4.39 -4.45 -4.00 -3.84
-3.97 -3.99 -4.08 -4.31 -4.35 -4.04 -3.97 -4.33 -4.60 -4.60 -4.41 -4.21
-4.09 -3.94 -3.97 -4.08 -4.13 -4.16 -4.21 -4.16 -4.20 -4.22 -4.30 -4.38
-4.49 -4.60 -4.44 -4.36 -4.45 -4.41 -4.43 -4.58 -4.69 -4.77 -4.83 -4.72
-3.73 -3.66 -3.86 -4.03 -3.91 -3.62 -3.45 -3.61 -3.99 -4.01 -4.16 -3.71
-3.48 -3.72 -4.01 -3.78 -2.90 -3.13 -4.10 -4.19 -4.23 -3.72 -3.38 -3.45
-3.93 -3.93 -3.75 -3.32 -3.27 -3.78 -4.33 -4.21 -3.93 -3.74 -3.92 -4.17
-4.24 -4.16 -4.03 -3.95 -4.09 -4.29 -4.37 -3.86 -3.78 -4.06 -4.26 -4.40
-4.59 -4.48 -4.32 -3.97 -3.56 -3.60 -3.94 -4.34 -4.43 -4.25 -4.42 -4.55
-4.71 -4.52 -4.22 -4.22 -4.26 -4.41 -4.94 -4.95 -4.84 -4.94 -4.78 -4.40
-4.25 -4.56 -4.82 -4.60 -4.56 -4.64 -4.90 -5.13 -4.87 -4.61 -4.47 -4.64
-4.86 -4.76 -4.61 -4.49 -4.65 -4.77 -4.52 -4.50 -4.56 -4.61 -4.62 -4.46
-4.35 -4.39 -4.43 -4.29 -3.74 -3.68 -4.19 -4.60 -4.71 -4.32 -4.14 -4.26
-4.25 -4.28 -4.58 -4.70 -4.31 -4.24 -4.54 -4.81 -4.87 -4.64 -4.52 -4.31
-4.18 -4.16 -4.28 -4.39 -4.47 -4.47 -4.44 -4.44 -4.47 -4.49 -4.61 -4.71
-4.80 -4.70 -4.62 -4.68 -4.64 -4.62 -4.79 -4.93 -4.96 -5.00 -4.92 -4.90
-3.96 -4.21 -4.40 -4.25 -3.97 -3.77 -4.01 -4.25 -4.34 -4.47 -4.20 -3.88
-4.05 -4.31 -4.09 -3.28 -3.40 -4.48 -4.56 -4.56 -4.16 -3.71 -4.05 -4.24
-4.15 -4.02 -3.70 -3.76 -4.13 -4.58 -4.49 -4.20 -4.13 -4.21 -4.46 -4.46
-4.45 -4.30 -4.25 -4.43 -4.63 -4.64 -4.23 -4.10 -4.44 -4.52 -4.62 -4.74
-4.57 -4.54 -4.25 -3.82 -3.80 -4.10 -4.48 -4.55 -4.47 -4.50 -4.76 -4.79
-4.65 -4.44 -4.47 -4.45 -4.58 -5.05 -5.12 -5.02 -5.07 -5.01 -4.66 -4.48
-4.67 -4.90 -4.76 -4.75 -4.79 -4.97 -5.14 -4.92 -4.71 -4.64 -4.76 -4.98
-4.95 -4.76 -4.66 -4.82 -4.92 -4.68 -4.70 -4.74 -4.73 -4.77 -4.65 -4.55
-4.55 -4.58 -4.47 -3.96 -3.94 -4.35 -4.72 -4.90 -4.51 -4.36 -4.46 -4.53
-4.56 -4.74 -4.84 -4.52 -4.48 -4.78 -5.01 -5.08 -4.87 -4.66 -4.52 -4.35
-4.39 -4.47 -4.58 -4.62 -4.57 -4.54 -4.64 -4.68 -4.74 -4.80 -4.94 -5.07
-4.94 -4.88 -4.97 -4.87 -4.83 -4.98 -5.12 -5.19 -5.22 -5.12 -5.08 -5.14
-4.50 -4.80 -4.61 -4.32 -4.19 -4.35 -4.59 -4.61 -4.85 -4.70 -4.40 -4.38
-4.62 -4.36 -3.61 -3.78 -4.80 -4.94 -4.87 -4.63 -4.31 -4.46 -4.74 -4.43
-4.22 -4.16 -4.28 -4.50 -4.83 -4.75 -4.52 -4.44 -4.58 -4.73 -4.75 -4.66
-4.62 -4.61 -4.81 -4.94 -4.97 -4.58 -4.54 -4.77 -4.81 -4.80 -4.89 -4.75
-4.69 -4.48 -4.06 -4.03 -4.30 -4.59 -4.65 -4.63 -4.77 -4.82 -4.93 -4.78
-4.67 -4.71 -4.65 -4.75 -5.16 -5.25 -5.24 -5.25 -5.17 -4.92 -4.71 -4.82
-4.92 -4.90 -4.98 -4.93 -5.03 -5.20 -4.99 -4.85 -4.79 -4.91 -5.09 -5.09
-4.95 -4.87 -5.01 -5.00 -4.84 -4.91 -4.94 -4.87 -4.86 -4.82 -4.80 -4.74
-4.72 -4.61 -4.20 -4.20 -4.60 -4.85 -5.04 -4.79 -4.61 -4.76 -4.79 -4.75
-4.91 -5.00 -4.72 -4.68 -4.97 -5.20 -5.24 -5.00 -4.84 -4.72 -4.61 -4.56
-4.67 -4.73 -4.74 -4.70 -4.68 -4.74 -4.87 -4.91 -4.97 -5.08 -5.14 -5.04
-5.05 -5.11 -4.99 -4.91 -5.06 -5.26 -5.36 -5.39 -5.22 -5.23 -5.35 -5.30
-5.09 -4.97 -4.66 -4.57 -4.73 -4.83 -4.93 -5.12 -5.25 -4.87 -4.77 -4.88
-4.60 -3.87 -4.11 -5.18 -5.20 -5.13 -5.07 -4.95 -5.01 -4.91 -4.87 -4.49
-4.55 -4.82 -4.79 -5.08 -5.01 -4.80 -4.76 -4.83 -5.04 -4.98 -4.92 -4.83
-5.01 -5.21 -5.22 -5.22 -4.96 -4.92 -5.17 -5.02 -4.99 -5.01 -4.94 -4.90
-4.62 -4.26 -4.23 -4.51 -4.73 -4.74 -4.78 -4.97 -5.07 -4.94 -4.96 -4.87
-4.93 -4.83 -4.93 -5.26 -5.36 -5.40 -5.45 -5.36 -5.10 -4.94 -4.97 -5.02
-4.98 -5.19 -5.12 -5.10 -5.23 -5.09 -4.97 -4.94 -5.04 -5.23 -5.21 -5.08
-5.10 -5.23 -5.11 -4.93 -5.10 -5.14 -5.03 -4.99 -4.95 -5.01 -4.96 -4.88
-4.73 -4.37 -4.44 -4.83 -5.06 -5.27 -4.99 -4.86 -4.99 -5.04 -5.02 -5.20
-5.26 -4.92 -4.94 -5.24 -5.41 -5.49 -5.19 -5.03 -4.88 -4.78 -4.80 -4.76
-4.88 -4.93 -4.97 -4.99 -5.01 -5.08 -5.17 -5.16 -5.27 -5.36 -5.25 -5.22
-5.25 -5.16 -5.15 -5.33 -5.46 -5.47 -5.51 -5.36 -5.24 -5.26 -5.36 -5.48
-5.19 -4.94 -4.86 -4.98 -5.06 -5.09 -5.33 -5.48 -5.23 -4.99 -5.10 -4.72
-4.04 -4.30 -5.35 -5.41 -5.23 -5.32 -5.35 -5.37 -5.17 -4.96 -4.85 -4.77
-4.98 -4.96 -5.22 -5.23 -5.01 -4.93 -5.02 -5.18 -5.22 -5.09 -5.08 -5.22
-5.52 -5.43 -5.38 -5.19 -5.23 -5.38 -5.24 -5.08 -5.14 -5.06 -5.08 -4.78
-4.33 -4.39 -4.68 -4.88 -4.87 -4.89 -5.10 -5.23 -5.16 -4.99 -5.07 -5.07
-4.98 -5.07 -5.37 -5.43 -5.50 -5.56 -5.54 -5.26 -5.04 -5.12 -5.14 -5.11
-5.27 -5.24 -5.22 -5.29 -5.17 -5.12 -5.07 -5.16 -5.33 -5.34 -5.19 -5.25
-5.42 -5.25 -5.04 -5.20 -5.30 -5.19 -5.15 -5.10 -5.12 -5.12 -5.05 -4.87
-4.50 -4.59 -5.03 -5.25 -5.39 -5.21 -5.11 -5.19 -5.17 -5.14 -5.33 -5.33
-5.02 -5.03 -5.33 -5.52 -5.50 -5.30 -5.21 -5.07 -4.91 -4.89 -4.96 -4.97
-5.03 -5.08 -5.10 -5.11 -5.19 -5.25 -5.30 -5.31 -5.38 -5.35 -5.35 -5.39
-5.32 -5.24 -5.37 -5.52 -5.50 -5.52 -5.51 -5.46 -5.36 -5.50 -5.66 -5.70
-5.02 -4.98 -5.07 -5.15 -5.21 -5.30 -5.40 -5.19 -5.12 -5.13 -4.77 -4.07
-4.36 -5.31 -5.39 -5.32 -5.25 -5.25 -5.34 -5.26 -5.06 -4.82 -4.90 -4.75
-4.88 -5.31 -5.30 -5.11 -4.96 -5.06 -5.26 -5.26 -5.27 -5.21 -5.33 -5.49
-5.53 -5.44 -5.24 -5.29 -5.44 -5.30 -5.20 -5.20 -5.19 -5.15 -4.84 -4.43
-4.45 -4.79 -5.01 -5.05 -5.03 -5.17 -5.32 -5.33 -5.22 -5.04 -5.17 -5.06
-5.16 -5.44 -5.48 -5.51 -5.59 -5.59 -5.35 -5.12 -5.18 -5.29 -5.25 -5.33
-5.24 -5.35 -5.44 -5.25 -5.20 -5.18 -5.26 -5.44 -5.41 -5.31 -5.33 -5.48
-5.38 -5.16 -5.29 -5.33 -5.29 -5.32 -5.27 -5.20 -5.17 -5.16 -5.03 -4.61
-4.68 -5.12 -5.41 -5.46 -5.20 -5.10 -5.17 -5.29 -5.33 -5.39 -5.41 -5.26
-5.23 -5.45 -5.64 -5.72 -5.50 -5.30 -5.18 -5.18 -5.21 -5.19 -5.13 -5.13
-5.29 -5.32 -5.31 -5.35 -5.41 -5.37 -5.42 -5.54 -5.48 -5.39 -5.58 -5.54
-5.38 -5.55 -5.63 -5.56 -5.67 -5.56 -5.42 -5.49 -5.53 -5.65 -5.62 -5.48
-4.90 -5.04 -5.14 -5.21 -5.26 -5.17 -5.10 -5.07 -5.12 -4.70 -4.08 -4.32
-5.21 -5.27 -5.28 -5.19 -5.00 -5.20 -5.24 -5.08 -4.89 -4.65 -4.67 -4.75
-5.25 -5.32 -5.08 -4.93 -5.04 -5.25 -5.28 -5.27 -5.32 -5.31 -5.44 -5.45
-5.46 -5.25 -5.24 -5.37 -5.36 -5.22 -5.29 -5.21 -5.20 -4.82 -4.49 -4.54
-4.79 -5.08 -5.18 -5.17 -5.22 -5.35 -5.44 -5.35 -5.17 -5.09 -5.15 -5.21
-5.52 -5.51 -5.54 -5.62 -5.63 -5.40 -5.23 -5.30 -5.38 -5.39 -5.40 -5.30
-5.41 -5.59 -5.41 -5.29 -5.25 -5.36 -5.54 -5.51 -5.39 -5.42 -5.52 -5.46
-5.31 -5.40 -5.40 -5.35 -5.47 -5.46 -5.30 -5.27 -5.23 -5.19 -4.80 -4.77
-5.17 -5.46 -5.68 -5.41 -5.38 -5.51 -5.43 -5.44 -5.57 -5.60 -5.35 -5.39
-5.65 -5.66 -5.71 -5.57 -5.42 -5.35 -5.28 -5.26 -5.22 -5.26 -5.33 -5.42
-5.43 -5.32 -5.46 -5.48 -5.53 -5.60 -5.58 -5.59 -5.61 -5.58 -5.53 -5.56
-5.62 -5.65 -5.70 -5.68 -5.63 -5.51 -5.43 -5.53 -5.58 -5.79 -5.60 -5.67
-4.96 -5.13 -5.21 -5.22 -5.08 -4.98 -5.08 -5.04 -4.69 -4.04 -4.33 -5.13
-5.19 -5.22 -5.13 -4.95 -5.04 -5.21 -5.07 -4.94 -4.61 -4.41 -4.86 -5.22
-5.26 -5.08 -4.88 -5.04 -5.25 -5.27 -5.31 -5.32 -5.34 -5.37 -5.43 -5.37
-5.29 -5.21 -5.31 -5.34 -5.27 -5.29 -5.28 -5.16 -4.83 -4.49 -4.62 -4.86
-5.06 -5.25 -5.25 -5.28 -5.38 -5.48 -5.41 -5.22 -5.19 -5.08 -5.30 -5.55
-5.54 -5.55 -5.64 -5.64 -5.44 -5.29 -5.42 -5.49 -5.43 -5.44 -5.35 -5.49
-5.64 -5.53 -5.41 -5.28 -5.39 -5.61 -5.55 -5.46 -5.45 -5.56 -5.50 -5.38
-5.51 -5.49 -5.41 -5.53 -5.58 -5.39 -5.35 -5.31 -5.27 -4.95 -4.91 -5.22
-5.48 -5.67 -5.55 -5.44 -5.53 -5.61 -5.46 -5.55 -5.69 -5.40 -5.40 -5.73
-5.81 -5.70 -5.63 -5.59 -5.51 -5.49 -5.40 -5.36 -5.36 -5.33 -5.36 -5.43
-5.54 -5.49 -5.53 -5.61 -5.64 -5.73 -5.73 -5.62 -5.59 -5.55 -5.55 -5.65
-5.66 -5.67 -5.77 -5.68 -5.53 -5.48 -5.66 -5.76 -5.68 -5.56 -5.68 -5.75
-5.06 -5.20 -5.19 -5.03 -4.97 -5.02 -5.03 -4.62 -4.08 -4.30 -5.11 -5.13
-5.18 -5.07 -4.91 -5.04 -5.13 -5.07 -4.96 -4.62 -4.39 -4.72 -5.35 -5.24
-5.01 -4.87 -5.01 -5.27 -5.28 -5.31 -5.33 -5.27 -5.38 -5.37 -5.35 -5.22
-5.23 -5.28 -5.32 -5.24 -5.30 -5.26 -5.18 -4.77 -4.52 -4.62 -4.90 -5.09
-5.21 -5.26 -5.29 -5.41 -5.49 -5.41 -5.22 -5.21 -5.19 -5.22 -5.59 -5.53
-5.55 -5.63 -5.64 -5.46 -5.33 -5.47 -5.59 -5.48 -5.40 -5.38 -5.54 -5.70
-5.55 -5.48 -5.35 -5.39 -5.58 -5.56 -5.47 -5.48 -5.55 -5.52 -5.40 -5.54
-5.59 -5.49 -5.56 -5.56 -5.42 -5.43 -5.38 -5.35 -5.02 -5.01 -5.31 -5.49
-5.75 -5.64 -5.56 -5.57 -5.60 -5.57 -5.55 -5.53 -5.41 -5.52 -5.67 -5.79
-5.74 -5.49 -5.47 -5.51 -5.45 -5.39 -5.42 -5.50 -5.47 -5.41 -5.49 -5.55
-5.55 -5.51 -5.55 -5.56 -5.65 -5.57 -5.55 -5.56 -5.51 -5.62 -5.65 -5.60
-5.67 -5.73 -5.60 -5.38 -5.41 -5.44 -5.47 -5.62 -5.51 -5.62 -5.70 -5.68
-5.13 -5.19 -5.01 -4.95 -5.03 -4.95 -4.61 -4.05 -4.34 -5.08 -5.13 -5.14
-5.06 -4.91 -5.06 -5.18 -4.99 -4.95 -4.65 -4.42 -4.71 -5.18 -5.37 -5.01
-4.80 -5.03 -5.25 -5.31 -5.31 -5.29 -5.24 -5.31 -5.37 -5.27 -5.22 -5.15
-5.30 -5.31 -5.19 -5.22 -5.24 -5.12 -4.79 -4.48 -4.64 -4.88 -5.08 -5.21
-5.18 -5.25 -5.39 -5.49 -5.38 -5.18 -5.19 -5.20 -5.30 -5.46 -5.54 -5.52
-5.61 -5.62 -5.47 -5.34 -5.46 -5.57 -5.51 -5.41 -5.33 -5.54 -5.73 -5.58
-5.43 -5.35 -5.39 -5.51 -5.47 -5.43 -5.45 -5.55 -5.48 -5.39 -5.51 -5.60
-5.56 -5.57 -5.51 -5.35 -5.44 -5.44 -5.39 -5.08 -5.03 -5.34 -5.52 -5.74
-5.54 -5.44 -5.49 -5.48 -5.48 -5.59 -5.64 -5.43 -5.42 -5.60 -5.65 -5.56
-5.49 -5.42 -5.42 -5.53 -5.45 -5.50 -5.52 -5.45 -5.46 -5.46 -5.38 -5.30
-5.40 -5.51 -5.53 -5.56 -5.56 -5.52 -5.63 -5.52 -5.53 -5.63 -5.62 -5.58
-5.58 -5.53 -5.46 -5.41 -5.54 -5.54 -5.45 -5.42 -5.48 -5.53 -5.64 -5.89
-5.14 -5.03 -4.95 -5.01 -4.97 -4.55 -4.08 -4.34 -5.12 -5.10 -5.14 -5.06
-4.97 -5.08 -5.19 -5.04 -4.86 -4.71 -4.50 -4.73 -5.16 -5.21 -5.17 -4.81
-4.98 -5.26 -5.28 -5.31 -5.24 -5.19 -5.30 -5.28 -5.26 -5.16 -5.14 -5.23
-5.33 -5.15 -5.12 -5.14 -5.09 -4.76 -4.51 -4.58 -4.87 -5.01 -5.16 -5.14
-5.13 -5.33 -5.41 -5.34 -5.15 -5.12 -5.16 -5.28 -5.50 -5.38 -5.53 -5.56
-5.58 -5.46 -5.33 -5.40 -5.49 -5.47 -5.43 -5.32 -5.45 -5.70 -5.58 -5.40
-5.25 -5.35 -5.47 -5.37 -5.32 -5.42 -5.53 -5.44 -5.33 -5.48 -5.59 -5.56
-5.56 -5.44 -5.29 -5.38 -5.44 -5.42 -5.12 -5.07 -5.28 -5.49 -5.64 -5.48
-5.44 -5.52 -5.47 -5.38 -5.42 -5.45 -5.36 -5.45 -5.64 -5.64 -5.62 -5.49
-5.36 -5.31 -5.36 -5.41 -5.38 -5.37 -5.43 -5.51 -5.48 -5.42 -5.49 -5.49
-5.50 -5.44 -5.42 -5.43 -5.44 -5.41 -5.40 -5.41 -5.50 -5.54 -5.43 -5.44
-5.46 -5.33 -5.30 -5.33 -5.48 -5.48 -5.40 -5.44 -5.50 -5.38 -5.54 -5.66
-5.05 -5.00 -5.04 -4.99 -4.63 -4.10 -4.44 -5.13 -5.18 -5.13 -5.14 -5.07
-5.16 -5.22 -5.08 -4.93 -4.75 -4.62 -4.78 -5.18 -5.23 -5.05 -5.00 -4.98
-5.22 -5.32 -5.30 -5.25 -5.21 -5.31 -5.27 -5.20 -5.20 -5.12 -5.26 -5.28
-5.19 -5.07 -5.06 -5.03 -4.80 -4.50 -4.62 -4.82 -4.99 -5.09 -5.12 -5.12
-5.22 -5.32 -5.28 -5.15 -5.09 -5.10 -5.23 -5.46 -5.43 -5.37 -5.51 -5.49
-5.41 -5.28 -5.33 -5.39 -5.39 -5.39 -5.31 -5.38 -5.57 -5.52 -5.36 -5.20
-5.24 -5.41 -5.33 -5.23 -5.31 -5.50 -5.40 -5.30 -5.39 -5.54 -5.52 -5.47
-5.38 -5.26 -5.32 -5.34 -5.35 -5.13 -5.05 -5.25 -5.40 -5.56 -5.46 -5.45
-5.52 -5.46 -5.34 -5.37 -5.37 -5.33 -5.46 -5.55 -5.54 -5.65 -5.50 -5.32
-5.29 -5.40 -5.43 -5.39 -5.40 -5.39 -5.35 -5.33 -5.25 -5.24 -5.36 -5.33
-5.42 -5.41 -5.45 -5.48 -5.43 -5.46 -5.42 -5.41 -5.41 -5.35 -5.40 -5.39
-5.29 -5.23 -5.41 -5.30 -5.39 -5.34 -5.28 -5.39 -5.28 -5.45 -5.51 -5.56
-4.98 -5.06 -5.01 -4.67 -4.20 -4.45 -5.18 -5.16 -5.16 -5.13 -5.16 -5.20
-5.24 -5.08 -4.96 -4.89 -4.66 -4.84 -5.17 -5.25 -5.07 -4.88 -5.16 -5.20
-5.26 -5.31 -5.22 -5.24 -5.34 -5.25 -5.18 -5.14 -5.16 -5.23 -5.28 -5.12
-5.09 -5.03 -4.97 -4.77 -4.54 -4.59 -4.84 -4.91 -5.05 -5.07 -5.12 -5.20
-5.18 -5.21 -5.12 -5.09 -5.08 -5.17 -5.40 -5.39 -5.41 -5.33 -5.42 -5.33
-5.23 -5.27 -5.31 -5.31 -5.34 -5.26 -5.34 -5.50 -5.40 -5.30 -5.15 -5.19
-5.31 -5.29 -5.21 -5.26 -5.41 -5.35 -5.26 -5.37 -5.47 -5.47 -5.40 -5.31
-5.25 -5.30 -5.29 -5.26 -5.09 -5.05 -5.20 -5.36 -5.59 -5.54 -5.49 -5.57
-5.51 -5.41 -5.36 -5.29 -5.23 -5.36 -5.56 -5.55 -5.55 -5.43 -5.34 -5.31
-5.33 -5.34 -5.32 -5.38 -5.33 -5.41 -5.46 -5.38 -5.42 -5.48 -5.48 -5.33
-5.31 -5.32 -5.38 -5.44 -5.43 -5.37 -5.41 -5.43 -5.47 -5.46 -5.40 -5.21
-5.09 -5.32 -5.25 -5.37 -5.37 -5.36 -5.20 -5.28 -5.41 -5.53 -5.43 -5.42
-5.00 -5.02 -4.70 -4.25 -4.51 -5.12 -5.19 -5.11 -5.16 -5.16 -5.24 -5.21
-5.07 -4.95 -4.95 -4.80 -4.82 -5.16 -5.24 -5.07 -4.89 -5.01 -5.33 -5.24
-5.24 -5.23 -5.24 -5.38 -5.25 -5.16 -5.11 -5.08 -5.25 -5.23 -5.12 -5.02
-5.05 -4.95 -4.73 -4.52 -4.62 -4.80 -4.91 -4.97 -5.06 -5.08 -5.18 -5.14
-5.09 -5.06 -5.05 -5.09 -5.15 -5.32 -5.34 -5.36 -5.35 -5.21 -5.25 -5.16
-5.22 -5.25 -5.24 -5.29 -5.21 -5.27 -5.46 -5.34 -5.18 -5.10 -5.15 -5.27
-5.21 -5.19 -5.27 -5.36 -5.24 -5.21 -5.33 -5.45 -5.39 -5.34 -5.26 -5.23
-5.31 -5.27 -5.21 -5.01 -5.01 -5.18 -5.31 -5.55 -5.52 -5.44 -5.43 -5.47
-5.34 -5.27 -5.24 -5.12 -5.21 -5.41 -5.49 -5.48 -5.29 -5.27 -5.37 -5.40
-5.36 -5.37 -5.38 -5.41 -5.48 -5.42 -5.27 -5.31 -5.38 -5.38 -5.38 -5.31
-5.26 -5.26 -5.38 -5.33 -5.33 -5.29 -5.32 -5.33 -5.34 -5.27 -5.15 -5.20
-5.21 -5.38 -5.31 -5.20 -5.20 -5.25 -5.32 -5.45 -5.47 -5.32 -5.39 -5.36
-4.95 -4.73 -4.29 -4.52 -5.13 -5.12 -5.10 -5.09 -5.17 -5.18 -5.19 -5.01
-4.94 -4.94 -4.88 -4.92 -5.08 -5.22 -5.03 -4.88 -4.99 -5.17 -5.38 -5.20
-5.15 -5.27 -5.36 -5.26 -5.16 -5.07 -5.05 -5.16 -5.23 -5.07 -5.04 -4.98
-4.98 -4.73 -4.49 -4.60 -4.81 -4.85 -4.97 -5.00 -5.08 -5.12 -5.11 -5.05
-4.95 -4.99 -5.08 -5.17 -5.28 -5.27 -5.29 -5.30 -5.20 -5.03 -5.12 -5.16
-5.21 -5.18 -5.24 -5.14 -5.18 -5.38 -5.31 -5.14 -5.00 -5.11 -5.25 -5.19
-5.13 -5.27 -5.36 -5.17 -5.11 -5.30 -5.42 -5.36 -5.27 -5.23 -5.21 -5.29
-5.27 -5.21 -4.98 -4.92 -5.12 -5.31 -5.45 -5.50 -5.52 -5.46 -5.38 -5.30
-5.25 -5.21 -5.11 -5.23 -5.45 -5.50 -5.43 -5.23 -5.19 -5.32 -5.33 -5.27
-5.36 -5.39 -5.32 -5.28 -5.29 -5.35 -5.29 -5.27 -5.31 -5.36 -5.33 -5.23
-5.24 -5.19 -5.22 -5.23 -5.31 -5.26 -5.24 -5.29 -5.31 -5.19 -5.14 -5.33
-5.30 -5.30 -5.14 -5.32 -5.22 -5.32 -5.37 -5.40 -5.39 -5.30 -5.38 -5.32
-4.70 -4.33 -4.51 -5.08 -5.11 -5.02 -5.06 -5.08 -5.17 -5.11 -4.98 -4.90
-4.92 -4.90 -4.99 -5.12 -5.13 -4.97 -4.83 -4.96 -5.13 -5.23 -5.33 -5.12
-5.22 -5.37 -5.24 -5.17 -5.05 -4.99 -5.11 -5.12 -5.09 -5.02 -4.99 -4.92
-4.78 -4.50 -4.57 -4.76 -4.83 -4.90 -5.02 -5.03 -5.10 -5.04 -5.02 -4.92
-4.87 -5.04 -5.16 -5.28 -5.24 -5.20 -5.23 -5.13 -5.03 -4.94 -5.15 -5.16
-5.13 -5.18 -5.08 -5.10 -5.30 -5.26 -5.14 -4.97 -5.01 -5.23 -5.19 -5.13
-5.22 -5.34 -5.17 -5.06 -5.23 -5.38 -5.32 -5.27 -5.19 -5.20 -5.26 -5.24
-5.23 -4.99 -4.88 -5.03 -5.26 -5.46 -5.33 -5.40 -5.39 -5.27 -5.26 -5.16
-5.07 -5.12 -5.26 -5.41 -5.46 -5.37 -5.21 -5.14 -5.18 -5.24 -5.19 -5.28
-5.30 -5.26 -5.38 -5.44 -5.35 -5.28 -5.30 -5.31 -5.27 -5.19 -5.20 -5.27
-5.29 -5.35 -5.36 -5.30 -5.30 -5.20 -5.25 -5.23 -5.16 -5.19 -5.27 -5.28
-5.33 -5.27 -5.28 -5.15 -5.25 -5.42 -5.12 -5.31 -5.26 -5.26 -5.37 -5.22
-4.24 -4.48 -5.00 -5.04 -4.98 -4.92 -5.02 -5.05 -5.05 -4.86 -4.86 -4.83
-4.87 -4.97 -5.08 -5.13 -4.83 -4.76 -4.89 -5.08 -5.19 -5.12 -5.22 -5.16
-5.25 -5.20 -5.12 -5.02 -4.95 -5.03 -5.05 -4.99 -5.03 -4.93 -4.90 -4.69
-4.52 -4.55 -4.70 -4.76 -4.88 -4.96 -5.04 -5.03 -5.00 -4.95 -4.89 -4.84
-4.95 -5.10 -5.23 -5.23 -5.14 -5.14 -5.05 -4.96 -5.00 -5.01 -5.13 -5.07
-5.14 -5.02 -5.03 -5.24 -5.22 -5.12 -4.98 -4.99 -5.14 -5.16 -5.13 -5.22
-5.27 -5.14 -5.07 -5.21 -5.28 -5.27 -5.26 -5.22 -5.15 -5.22 -5.22 -5.24
-5.03 -4.91 -5.04 -5.23 -5.55 -5.44 -5.31 -5.44 -5.39 -5.25 -5.12 -5.06
-5.05 -5.14 -5.28 -5.32 -5.28 -5.19 -5.08 -5.09 -5.19 -5.30 -5.31 -5.33
-5.33 -5.32 -5.23 -5.22 -5.29 -5.26 -5.21 -5.24 -5.33 -5.32 -5.26 -5.20
-5.18 -5.22 -5.30 -5.27 -5.32 -5.33 -5.23 -5.09 -5.05 -5.18 -5.32 -5.21
-5.36 -5.19 -5.07 -5.16 -5.23 -5.24 -5.30 -5.36 -5.23 -5.44 -5.27 -5.17
-4.36 -4.93 -4.96 -4.91 -4.89 -4.89 -5.00 -4.94 -4.82 -4.77 -4.80 -4.82
-4.94 -5.02 -5.09 -4.83 -4.64 -4.83 -5.03 -5.15 -5.08 -5.01 -5.25 -5.18
-5.09 -5.10 -4.96 -4.94 -5.00 -4.99 -4.94 -4.95 -4.93 -4.84 -4.68 -4.44
-4.57 -4.66 -4.69 -4.81 -4.96 -4.99 -5.03 -4.93 -4.93 -4.83 -4.83 -4.95
-5.01 -5.16 -5.19 -5.14 -5.10 -4.96 -4.90 -4.96 -5.07 -4.97 -5.03 -5.08
-4.97 -4.99 -5.19 -5.17 -5.09 -4.96 -5.00 -5.12 -5.08 -5.10 -5.20 -5.26
-5.09 -5.07 -5.23 -5.26 -5.18 -5.22 -5.21 -5.17 -5.15 -5.17 -5.23 -5.04
-4.94 -5.08 -5.23 -5.38 -5.27 -5.17 -5.23 -5.36 -5.19 -5.14 -5.14 -5.09
-5.17 -5.30 -5.28 -5.24 -5.05 -4.98 -5.09 -5.18 -5.25 -5.33 -5.38 -5.36
-5.33 -5.27 -5.25 -5.25 -5.25 -5.26 -5.22 -5.20 -5.16 -5.16 -5.20 -5.06
-5.09 -5.14 -5.19 -5.22 -5.27 -5.24 -5.18 -5.20 -5.08 -5.21 -5.18 -5.16
-5.16 -5.16 -5.13 -5.18 -5.24 -5.18 -5.34 -5.39 -5.29 -5.17 -5.23 -5.28
-4.80 -4.89 -4.85 -4.85 -4.87 -4.90 -4.92 -4.74 -4.75 -4.72 -4.79 -4.88
-4.96 -5.02 -4.80 -4.65 -4.71 -4.97 -5.09 -5.04 -4.96 -5.03 -5.26 -5.03
-4.99 -4.95 -4.90 -5.00 -4.96 -4.89 -4.91 -4.83 -4.84 -4.63 -4.44 -4.50
-4.69 -4.67 -4.76 -4.90 -4.99 -4.98 -4.94 -4.87 -4.82 -4.79 -4.94 -4.99
-5.05 -5.13 -5.11 -5.10 -4.93 -4.83 -4.92 -5.03 -5.01 -4.86 -5.04 -4.91
-4.95 -5.17 -5.13 -5.06 -4.94 -4.97 -5.12 -5.06 -5.01 -5.15 -5.23 -5.10
-5.03 -5.22 -5.27 -5.16 -5.12 -5.17 -5.14 -5.15 -5.11 -5.20 -5.04 -4.95
-5.10 -5.26 -5.42 -5.29 -5.17 -5.19 -5.23 -5.23 -5.15 -5.06 -4.97 -5.12
-5.25 -5.31 -5.31 -5.01 -4.90 -5.02 -5.21 -5.27 -5.21 -5.16 -5.13 -5.23
-5.23 -5.18 -5.23 -5.27 -5.19 -5.17 -5.22 -5.20 -5.15 -5.12 -5.14 -5.12
-5.13 -5.17 -5.23 -5.19 -5.13 -5.05 -5.12 -5.20 -5.17 -5.23 -5.14 -5.10
-5.29 -5.14 -5.31 -5.32 -5.33 -5.22 -5.34 -5.35 -5.33 -5.11 -5.25 -5.10
-4.76 -4.80 -4.81 -4.82 -4.88 -4.83 -4.73 -4.68 -4.73 -4.70 -4.83 -4.90
-4.96 -4.75 -4.62 -4.72 -4.85 -5.03 -4.99 -4.90 -4.96 -5.05 -5.14 -4.94
-4.86 -4.92 -4.97 -4.96 -4.87 -4.85 -4.77 -4.74 -4.64 -4.39 -4.49 -4.63
-4.71 -4.74 -4.86 -4.94 -4.98 -4.91 -4.89 -4.77 -4.80 -4.90 -4.98 -5.03
-5.03 -5.07 -5.07 -4.95 -4.82 -4.85 -4.97 -4.97 -4.92 -4.88 -4.86 -4.89
-5.16 -5.11 -5.02 -4.89 -4.93 -5.09 -5.08 -5.00 -5.05 -5.19 -5.12 -5.05
-5.17 -5.27 -5.18 -5.09 -5.06 -5.07 -5.11 -5.13 -5.15 -5.02 -4.94 -5.10
-5.27 -5.40 -5.27 -5.21 -5.21 -5.18 -5.13 -5.14 -5.13 -5.03 -5.03 -5.21
-5.25 -5.24 -5.15 -5.03 -5.02 -5.04 -5.11 -5.18 -5.14 -5.13 -5.17 -5.15
-5.16 -5.20 -5.26 -5.25 -5.18 -5.23 -5.17 -5.13 -5.18 -5.14 -5.12 -5.11
-5.16 -5.14 -5.16 -5.06 -5.00 -4.98 -5.15 -5.31 -5.16 -5.13 -5.13 -5.30
-5.26 -5.16 -5.23 -5.33 -5.20 -5.17 -5.33 -4.96 -5.25 -5.34 -5.03 -4.26
-4.68 -4.79 -4.78 -4.83 -4.84 -4.66 -4.68 -4.67 -4.67 -4.73 -4.87 -4.88
-4.72 -4.57 -4.69 -4.86 -4.90 -4.93 -4.83 -4.88 -5.01 -4.96 -5.06 -4.84
-4.86 -4.99 -4.93 -4.87 -4.82 -4.71 -4.70 -4.55 -4.39 -4.44 -4.64 -4.66
-4.79 -4.84 -4.88 -4.94 -4.93 -4.86 -4.79 -4.76 -4.89 -4.91 -5.01 -5.02
-5.00 -5.03 -4.94 -4.86 -4.82 -4.87 -4.89 -4.89 -4.94 -4.70 -4.88 -5.14
-5.09 -4.99 -4.84 -4.89 -5.06 -5.07 -5.02 -5.01 -5.10 -5.12 -5.07 -5.16
-5.21 -5.17 -5.09 -5.01 -4.94 -5.04 -5.13 -5.17 -4.96 -4.92 -5.09 -5.25
-5.38 -5.31 -5.24 -5.16 -5.07 -5.06 -5.11 -5.12 -5.00 -5.05 -5.09 -5.13
-5.17 -5.03 -4.92 -4.97 -5.07 -5.10 -5.18 -5.16 -5.13 -5.17 -5.16 -5.20
-5.25 -5.18 -5.05 -5.09 -5.21 -5.13 -5.05 -5.10 -5.13 -5.14 -5.20 -5.23
-5.21 -5.18 -5.11 -5.02 -4.99 -5.01 -5.11 -5.20 -5.09 -5.11 -5.20 -5.12
-5.23 -5.16 -5.12 -5.23 -5.14 -5.18 -5.09 -5.15 -5.23 -5.03 -4.19 -5.20
-4.73 -4.78 -4.82 -4.85 -4.71 -4.63 -4.70 -4.61 -4.72 -4.81 -4.87 -4.69
-4.54 -4.64 -4.83 -4.90 -4.83 -4.78 -4.83 -4.99 -4.96 -4.89 -4.98 -4.84
-4.91 -4.93 -4.84 -4.82 -4.70 -4.68 -4.54 -4.32 -4.47 -4.62 -4.69 -4.74
-4.87 -4.87 -4.91 -4.90 -4.88 -4.77 -4.80 -4.84 -4.91 -4.96 -5.02 -5.03
-4.96 -4.92 -4.86 -4.84 -4.84 -4.82 -4.84 -4.93 -4.77 -4.76 -5.14 -5.06
-4.97 -4.81 -4.85 -5.02 -5.05 -5.01 -5.01 -5.10 -5.07 -5.05 -5.12 -5.21
-5.14 -5.07 -5.00 -4.91 -4.93 -5.07 -5.16 -5.00 -4.85 -5.00 -5.19 -5.28
-5.23 -5.21 -5.15 -5.20 -5.04 -5.02 -5.13 -5.10 -5.03 -5.00 -5.04 -5.03
-4.84 -4.85 -5.02 -5.07 -5.10 -5.08 -5.01 -5.02 -5.04 -5.14 -5.15 -5.10
-5.19 -5.20 -5.13 -5.09 -5.10 -5.12 -5.03 -5.08 -5.14 -5.13 -5.20 -5.14
-5.08 -5.04 -5.01 -5.00 -5.04 -5.05 -5.08 -5.01 -5.11 -5.14 -5.20 -5.10
-5.24 -5.25 -5.13 -5.25 -5.24 -5.20 -5.14 -5.18 -4.96 -4.16 -5.23 -5.32
-4.70 -4.81 -4.84 -4.71 -4.65 -4.65 -4.61 -4.64 -4.81 -4.79 -4.68 -4.50
-4.61 -4.78 -4.86 -4.85 -4.68 -4.78 -4.95 -4.95 -4.88 -4.80 -4.96 -4.87
-4.84 -4.84 -4.79 -4.71 -4.68 -4.52 -4.30 -4.39 -4.64 -4.65 -4.74 -4.80
-4.90 -4.90 -4.87 -4.85 -4.79 -4.76 -4.85 -4.85 -4.96 -4.98 -5.05 -4.98
-4.85 -4.83 -4.80 -4.83 -4.79 -4.79 -4.89 -4.74 -4.83 -5.01 -5.01 -4.91
-4.79 -4.83 -4.97 -5.03 -5.00 -5.00 -5.10 -5.07 -4.96 -5.06 -5.16 -5.13
-5.02 -4.98 -4.90 -4.92 -4.97 -5.08 -4.98 -4.89 -4.91 -5.09 -5.18 -5.11
-5.14 -5.17 -5.11 -5.05 -5.08 -5.08 -5.01 -4.99 -5.05 -5.15 -5.16 -4.92
-4.80 -4.88 -4.95 -5.11 -5.18 -5.11 -5.13 -5.08 -5.06 -5.16 -5.12 -5.14
-5.20 -5.13 -5.04 -5.02 -5.06 -5.12 -5.06 -5.12 -5.23 -5.21 -5.23 -5.18
-5.19 -5.21 -5.15 -5.09 -5.09 -5.16 -5.07 -5.18 -5.20 -5.23 -5.07 -5.20
-5.20 -5.20 -5.22 -5.21 -5.10 -5.24 -5.35 -5.03 -4.19 -5.19 -5.27 -5.43
-4.72 -4.83 -4.70 -4.64 -4.66 -4.53 -4.64 -4.74 -4.78 -4.61 -4.50 -4.56
-4.74 -4.81 -4.83 -4.71 -4.68 -4.89 -4.91 -4.85 -4.76 -4.76 -4.98 -4.81
-4.76 -4.79 -4.70 -4.70 -4.52 -4.27 -4.36 -4.56 -4.66 -4.68 -4.78 -4.81
-4.93 -4.87 -4.82 -4.75 -4.77 -4.80 -4.86 -4.90 -4.99 -5.02 -4.99 -4.86
-4.75 -4.75 -4.79 -4.79 -4.77 -4.83 -4.69 -4.81 -5.08 -4.85 -4.86 -4.74
-4.81 -4.95 -4.99 -4.97 -4.97 -5.09 -5.08 -4.94 -4.95 -5.09 -5.08 -5.01
-4.93 -4.88 -4.91 -4.96 -4.96 -4.90 -4.87 -4.94 -4.99 -5.11 -5.05 -5.10
-5.18 -5.17 -5.09 -5.07 -5.08 -4.93 -4.95 -5.06 -5.05 -5.07 -4.94 -4.87
-4.84 -4.88 -5.02 -5.07 -5.01 -5.01 -5.09 -5.16 -5.09 -5.09 -5.14 -5.11
-5.16 -5.20 -5.10 -5.11 -5.07 -5.09 -5.16 -5.19 -5.18 -5.18 -5.12 -5.04
-5.06 -5.00 -5.12 -5.12 -5.22 -5.11 -5.13 -4.98 -5.12 -5.27 -5.17 -5.20
-5.21 -5.19 -5.25 -5.18 -5.09 -5.26 -5.03 -4.18 -5.18 -5.21 -5.44 -5.66
-4.73 -4.68 -4.63 -4.63 -4.54 -4.55 -4.72 -4.70 -4.61 -4.44 -4.56 -4.68
-4.77 -4.78 -4.70 -4.71 -4.77 -4.85 -4.80 -4.71 -4.70 -4.79 -4.94 -4.74
-4.72 -4.73 -4.70 -4.54 -4.25 -4.31 -4.51 -4.56 -4.67 -4.71 -4.80 -4.86
-4.92 -4.82 -4.71 -4.71 -4.79 -4.81 -4.91 -4.94 -5.02 -4.95 -4.85 -4.73
-4.65 -4.74 -4.75 -4.78 -4.81 -4.62 -4.76 -5.04 -4.91 -4.70 -4.70 -4.76
-4.94 -4.98 -4.93 -4.95 -5.05 -5.04 -4.93 -4.91 -4.96 -5.01 -4.98 -4.93
-4.82 -4.88 -4.94 -4.93 -4.78 -4.79 -4.92 -5.02 -5.06 -5.09 -5.15 -5.11
-5.06 -4.98 -4.95 -4.94 -4.92 -4.91 -4.95 -5.05 -5.03 -4.88 -4.77 -4.87
-4.95 -5.07 -5.08 -5.05 -5.05 -5.06 -5.12 -5.19 -5.14 -5.03 -5.08 -5.15
-5.11 -5.05 -5.00 -5.03 -5.09 -5.13 -5.07 -5.13 -5.18 -5.07 -5.05 -5.01
-5.01 -5.10 -5.07 -5.18 -5.11 -5.13 -5.07 -5.14 -5.23 -5.21 -5.22 -5.24
-5.18 -5.19 -5.11 -5.20 -5.20 -5.03 -4.24 -5.15 -5.34 -5.31 -5.50 -5.53
-4.58 -4.61 -4.60 -4.52 -4.55 -4.63 -4.69 -4.53 -4.46 -4.51 -4.67 -4.72
-4.76 -4.67 -4.70 -4.77 -4.72 -4.72 -4.63 -4.64 -4.75 -4.78 -4.89 -4.71
-4.68 -4.72 -4.50 -4.25 -4.28 -4.45 -4.50 -4.55 -4.70 -4.74 -4.85 -4.87
-4.87 -4.71 -4.65 -4.72 -4.81 -4.86 -4.96 -4.97 -4.95 -4.79 -4.70 -4.64
-4.65 -4.70 -4.75 -4.81 -4.59 -4.68 -4.97 -4.86 -4.75 -4.57 -4.75 -4.91
-4.96 -4.91 -4.91 -5.00 -4.97 -4.89 -4.89 -4.91 -4.89 -4.92 -4.91 -4.81
-4.81 -4.89 -4.89 -4.74 -4.68 -4.84 -5.00 -5.13 -5.06 -5.08 -5.04 -5.03
-5.00 -4.95 -4.92 -4.90 -4.94 -5.08 -5.19 -5.11 -4.84 -4.82 -4.93 -5.01
-5.05 -5.05 -5.03 -4.94 -4.99 -5.09 -5.06 -4.99 -5.00 -5.04 -5.03 -5.12
-5.14 -5.09 -5.02 -5.03 -5.01 -5.02 -5.12 -5.08 -5.08 -5.08 -5.09 -4.98
-4.97 -5.11 -5.03 -4.97 -5.07 -5.16 -5.08 -5.25 -5.22 -5.13 -5.36 -5.18
-5.20 -4.99 -5.16 -5.18 -5.06 -4.27 -5.13 -5.31 -5.36 -5.61 -5.52 -5.50
-4.48 -4.54 -4.48 -4.50 -4.60 -4.57 -4.49 -4.38 -4.50 -4.59 -4.70 -4.70
-4.65 -4.65 -4.71 -4.70 -4.58 -4.55 -4.57 -4.71 -4.77 -4.71 -4.84 -4.66
-4.62 -4.47 -4.19 -4.24 -4.41 -4.43 -4.49 -4.59 -4.72 -4.78 -4.85 -4.78
-4.73 -4.60 -4.65 -4.74 -4.84 -4.90 -4.97 -4.88 -4.75 -4.62 -4.60 -4.63
-4.61 -4.69 -4.75 -4.58 -4.64 -4.88 -4.78 -4.70 -4.65 -4.62 -4.86 -4.90
-4.89 -4.90 -4.92 -4.90 -4.84 -4.86 -4.88 -4.85 -4.83 -4.85 -4.75 -4.78
-4.84 -4.84 -4.72 -4.71 -4.76 -4.92 -5.10 -5.02 -5.06 -5.11 -5.01 -4.95
-4.96 -4.99 -4.95 -4.93 -4.99 -5.08 -5.00 -4.86 -4.84 -4.95 -4.95 -4.86
-4.95 -5.04 -4.97 -5.00 -5.09 -5.12 -5.03 -4.96 -5.02 -5.16 -5.13 -5.03
-5.04 -5.05 -4.99 -4.97 -5.06 -5.16 -5.09 -5.13 -5.09 -5.01 -5.00 -5.21
-5.12 -5.06 -5.06 -5.11 -5.12 -5.27 -5.17 -5.13 -5.16 -5.08 -5.19 -5.24
-5.14 -5.08 -5.15 -5.01 -4.33 -5.14 -5.26 -5.30 -5.48 -5.48 -5.47 -5.41
-4.43 -4.45 -4.46 -4.55 -4.57 -4.39 -4.37 -4.43 -4.59 -4.64 -4.70 -4.61
-4.63 -4.65 -4.66 -4.59 -4.44 -4.53 -4.67 -4.76 -4.70 -4.66 -4.78 -4.56
-4.35 -4.15 -4.18 -4.38 -4.39 -4.43 -4.54 -4.62 -4.76 -4.78 -4.75 -4.64
-4.61 -4.61 -4.68 -4.78 -4.89 -4.90 -4.87 -4.67 -4.58 -4.53 -4.60 -4.59
-4.60 -4.69 -4.53 -4.63 -4.85 -4.71 -4.64 -4.62 -4.69 -4.72 -4.84 -4.82
-4.88 -4.90 -4.81 -4.78 -4.82 -4.85 -4.83 -4.81 -4.77 -4.68 -4.72 -4.81
-4.79 -4.69 -4.70 -4.79 -4.84 -4.97 -4.98 -4.98 -4.96 -4.93 -4.87 -4.91
-4.93 -4.85 -4.81 -4.93 -5.02 -5.00 -4.81 -4.77 -4.84 -4.97 -5.07 -5.08
-5.00 -4.99 -5.03 -4.99 -5.00 -5.02 -5.01 -5.06 -5.06 -5.02 -5.02 -5.02
-4.97 -4.94 -4.92 -5.05 -5.12 -5.08 -5.05 -5.05 -5.04 -4.93 -5.05 -5.17
-5.03 -5.02 -5.14 -5.19 -5.18 -5.16 -5.18 -5.26 -5.21 -5.25 -5.14 -5.08
-5.17 -5.19 -5.02 -4.31 -5.17 -5.28 -5.33 -5.56 -5.45 -5.44 -5.39 -5.46
-4.37 -4.45 -4.52 -4.55 -4.40 -4.28 -4.42 -4.53 -4.65 -4.65 -4.62 -4.61
-4.64 -4.62 -4.57 -4.47 -4.45 -4.65 -4.72 -4.68 -4.65 -4.59 -4.66 -4.30
-4.03 -4.15 -4.33 -4.38 -4.41 -4.50 -4.57 -4.65 -4.74 -4.66 -4.60 -4.51
-4.63 -4.65 -4.71 -4.82 -4.89 -4.80 -4.66 -4.52 -4.50 -4.53 -4.57 -4.58
-4.60 -4.46 -4.57 -4.85 -4.69 -4.58 -4.58 -4.66 -4.79 -4.68 -4.75 -4.82
-4.89 -4.79 -4.70 -4.78 -4.82 -4.81 -4.80 -4.75 -4.58 -4.64 -4.75 -4.78
-4.66 -4.67 -4.78 -4.87 -5.03 -5.02 -5.02 -5.02 -4.93 -4.95 -4.97 -4.96
-4.85 -4.83 -4.91 -4.93 -4.92 -4.84 -4.76 -4.86 -4.90 -4.96 -5.09 -5.04
-4.97 -5.01 -5.02 -5.01 -5.02 -4.97 -5.00 -5.07 -5.04 -5.07 -5.04 -4.98
-5.01 -5.00 -5.00 -5.06 -5.09 -5.17 -5.14 -5.03 -4.95 -5.01 -5.10 -5.06
-5.21 -5.10 -5.00 -5.30 -5.14 -5.08 -5.05 -5.15 -5.29 -5.21 -5.07 -5.07
-5.23 -5.13 -4.26 -5.04 -5.24 -5.33 -5.43 -5.50 -5.41 -5.30 -5.33 -5.53
-4.38 -4.52 -4.55 -4.40 -4.29 -4.34 -4.53 -4.59 -4.67 -4.59 -4.64 -4.64
-4.61 -4.56 -4.49 -4.52 -4.57 -4.67 -4.63 -4.62 -4.56 -4.45 -4.42 -3.99
-4.04 -4.32 -4.34 -4.41 -4.48 -4.52 -4.59 -4.60 -4.61 -4.50 -4.49 -4.56
-4.68 -4.67 -4.75 -4.82 -4.78 -4.60 -4.52 -4.44 -4.50 -4.50 -4.55 -4.59
-4.38 -4.52 -4.81 -4.70 -4.56 -4.52 -4.61 -4.73 -4.74 -4.60 -4.76 -4.85
-4.79 -4.70 -4.72 -4.77 -4.77 -4.78 -4.74 -4.56 -4.54 -4.69 -4.74 -4.66
-4.65 -4.75 -4.85 -4.97 -4.92 -4.89 -4.87 -4.85 -4.73 -4.82 -4.86 -4.76
-4.77 -4.78 -4.86 -4.89 -4.75 -4.74 -4.77 -4.91 -5.00 -4.98 -4.87 -4.83
-5.01 -5.09 -5.01 -4.95 -4.91 -4.98 -5.00 -5.03 -5.03 -4.99 -4.98 -4.97
-5.06 -5.15 -5.06 -5.05 -5.14 -5.05 -4.98 -5.01 -5.03 -5.11 -4.98 -4.97
-5.09 -5.05 -5.03 -5.11 -5.09 -5.16 -5.16 -5.21 -5.13 -5.13 -5.20 -5.28
-5.01 -4.37 -5.11 -5.32 -5.23 -5.37 -5.46 -5.55 -5.46 -5.36 -5.50 -5.32
-4.46 -4.56 -4.40 -4.26 -4.34 -4.46 -4.61 -4.63 -4.62 -4.62 -4.69 -4.62
-4.59 -4.50 -4.57 -4.62 -4.54 -4.56 -4.56 -4.51 -4.41 -4.24 -4.12 -3.98
-4.23 -4.33 -4.37 -4.47 -4.48 -4.52 -4.52 -4.46 -4.46 -4.43 -4.56 -4.61
-4.69 -4.71 -4.76 -4.70 -4.59 -4.48 -4.44 -4.42 -4.48 -4.49 -4.58 -4.38
-4.44 -4.75 -4.67 -4.58 -4.50 -4.54 -4.66 -4.68 -4.66 -4.62 -4.82 -4.76
-4.70 -4.73 -4.70 -4.71 -4.73 -4.72 -4.55 -4.53 -4.61 -4.70 -4.63 -4.63
-4.71 -4.81 -4.94 -4.90 -4.88 -4.87 -4.81 -4.72 -4.72 -4.85 -4.85 -4.79
-4.80 -4.87 -4.93 -4.82 -4.73 -4.86 -4.88 -4.90 -4.94 -4.98 -4.98 -4.95
-4.99 -5.01 -4.90 -4.88 -4.93 -4.94 -5.00 -5.01 -4.96 -4.91 -4.85 -4.87
-4.97 -5.01 -4.98 -5.01 -4.95 -4.90 -4.95 -5.11 -4.98 -5.07 -4.93 -5.10
-4.93 -4.96 -5.09 -5.10 -5.09 -5.03 -5.19 -5.14 -5.09 -5.03 -5.18 -5.03
-4.44 -5.08 -5.23 -5.23 -5.32 -5.52 -5.44 -5.39 -5.50 -5.52 -5.53 -5.36
-4.53 -4.43 -4.27 -4.34 -4.51 -4.57 -4.66 -4.58 -4.68 -4.70 -4.67 -4.62
-4.55 -4.60 -4.64 -4.57 -4.46 -4.53 -4.48 -4.41 -4.27 -3.97 -4.14 -4.21
-4.25 -4.38 -4.45 -4.48 -4.50 -4.47 -4.41 -4.36 -4.44 -4.52 -4.62 -4.61
-4.72 -4.74 -4.64 -4.53 -4.49 -4.39 -4.43 -4.44 -4.48 -4.54 -4.39 -4.45
-4.71 -4.64 -4.54 -4.52 -4.52 -4.60 -4.62 -4.61 -4.70 -4.72 -4.72 -4.66
-4.73 -4.71 -4.62 -4.66 -4.68 -4.54 -4.51 -4.61 -4.64 -4.59 -4.56 -4.67
-4.77 -4.85 -4.88 -4.97 -4.90 -4.84 -4.76 -4.69 -4.75 -4.80 -4.78 -4.87
-5.05 -4.91 -4.69 -4.66 -4.74 -4.78 -4.80 -4.92 -4.95 -4.90 -4.87 -4.88
-4.88 -4.94 -4.93 -4.96 -4.95 -4.88 -4.98 -5.05 -4.95 -4.94 -4.95 -4.97
-4.97 -4.98 -5.04 -4.93 -4.88 -5.01 -5.10 -4.88 -5.12 -5.02 -4.94 -5.00
-5.11 -5.04 -5.20 -5.16 -5.10 -5.21 -5.17 -5.09 -4.98 -5.09 -5.05 -4.45
-5.11 -5.27 -5.21 -5.32 -5.51 -5.41 -5.48 -5.43 -5.48 -5.35 -5.60 -5.27
-4.36 -4.27 -4.33 -4.50 -4.60 -4.60 -4.58 -4.62 -4.74 -4.64 -4.64 -4.53
-4.59 -4.62 -4.55 -4.47 -4.43 -4.46 -4.39 -4.28 -3.99 -4.00 -4.36 -4.21
-4.29 -4.45 -4.45 -4.50 -4.45 -4.38 -4.33 -4.36 -4.53 -4.56 -4.59 -4.63
-4.76 -4.61 -4.48 -4.44 -4.39 -4.39 -4.45 -4.44 -4.54 -4.35 -4.45 -4.72
-4.58 -4.50 -4.47 -4.53 -4.58 -4.57 -4.56 -4.66 -4.81 -4.60 -4.59 -4.67
-4.71 -4.64 -4.57 -4.62 -4.51 -4.51 -4.60 -4.64 -4.52 -4.50 -4.60 -4.74
-4.86 -4.85 -4.80 -4.80 -4.79 -4.76 -4.76 -4.79 -4.74 -4.75 -4.81 -4.87
-4.83 -4.66 -4.66 -4.80 -4.83 -4.90 -4.95 -4.96 -4.87 -4.90 -4.99 -4.91
-4.86 -4.92 -4.98 -4.94 -4.94 -4.90 -4.93 -5.01 -4.96 -4.99 -5.02 -4.99
-5.00 -5.05 -5.01 -5.00 -4.89 -5.01 -5.06 -5.03 -4.89 -4.94 -4.99 -5.01
-4.96 -5.10 -5.06 -5.13 -5.14 -5.08 -4.91 -5.10 -5.16 -4.96 -4.46 -5.17
-5.25 -5.21 -5.32 -5.34 -5.50 -5.36 -5.35 -5.39 -5.39 -5.52 -5.47 -5.51
-4.18 -4.31 -4.48 -4.59 -4.60 -4.47 -4.59 -4.66 -4.65 -4.57 -4.51 -4.53
-4.58 -4.51 -4.44 -4.45 -4.37 -4.37 -4.26 -4.00 -4.01 -4.20 -4.34 -4.24
-4.36 -4.44 -4.47 -4.47 -4.37 -4.30 -4.34 -4.44 -4.55 -4.53 -4.62 -4.68
-4.64 -4.46 -4.38 -4.32 -4.39 -4.42 -4.45 -4.49 -4.34 -4.39 -4.71 -4.58
-4.43 -4.40 -4.47 -4.60 -4.56 -4.51 -4.61 -4.76 -4.69 -4.45 -4.59 -4.66
-4.65 -4.59 -4.53 -4.45 -4.47 -4.59 -4.62 -4.52 -4.43 -4.54 -4.68 -4.83
-4.74 -4.77 -4.83 -4.75 -4.68 -4.67 -4.70 -4.62 -4.57 -4.71 -4.82 -4.85
-4.65 -4.50 -4.58 -4.74 -4.86 -4.95 -4.88 -4.85 -4.94 -4.96 -4.91 -4.83
-4.79 -4.88 -4.91 -4.88 -4.85 -4.86 -4.85 -4.83 -4.81 -4.89 -4.99 -4.96
-4.97 -4.88 -4.86 -5.03 -4.95 -5.11 -4.94 -4.90 -4.96 -5.11 -4.89 -4.96
-4.97 -5.01 -5.09 -5.13 -5.10 -5.12 -5.25 -5.07 -5.04 -4.54 -5.14 -5.15
-5.18 -5.36 -5.44 -5.29 -5.25 -5.25 -5.31 -5.34 -5.40 -5.33 -5.51 -5.38
-4.21 -4.45 -4.55 -4.55 -4.44 -4.45 -4.62 -4.55 -4.54 -4.40 -4.45 -4.51
-4.48 -4.39 -4.42 -4.42 -4.28 -4.22 -3.97 -4.00 -4.20 -4.16 -4.37 -4.33
-4.36 -4.48 -4.46 -4.39 -4.28 -4.31 -4.40 -4.45 -4.52 -4.56 -4.67 -4.56
-4.49 -4.34 -4.25 -4.34 -4.43 -4.40 -4.50 -4.29 -4.38 -4.66 -4.56 -4.42
-4.33 -4.40 -4.55 -4.59 -4.50 -4.55 -4.70 -4.63 -4.51 -4.44 -4.60 -4.62
-4.61 -4.55 -4.36 -4.41 -4.53 -4.60 -4.51 -4.44 -4.49 -4.64 -4.74 -4.72
-4.72 -4.74 -4.74 -4.67 -4.65 -4.63 -4.59 -4.65 -4.66 -4.76 -4.78 -4.64
-4.60 -4.65 -4.71 -4.78 -4.78 -4.76 -4.79 -4.84 -4.86 -4.86 -4.77 -4.81
-4.86 -4.85 -4.86 -4.83 -4.76 -4.76 -4.85 -4.87 -4.87 -4.92 -4.95 -4.94
-4.84 -4.90 -4.96 -5.00 -4.86 -4.96 -4.98 -5.01 -4.86 -5.12 -4.97 -5.22
-5.08 -4.96 -5.16 -5.16 -4.98 -5.02 -5.05 -4.94 -4.60 -4.94 -5.24 -5.14
-5.30 -5.25 -5.31 -5.38 -5.28 -5.34 -5.39 -5.36 -5.39 -5.48 -5.44 -5.54
-4.34 -4.51 -4.50 -4.36 -4.38 -4.49 -4.51 -4.42 -4.34 -4.30 -4.46 -4.44
-4.36 -4.37 -4.42 -4.32 -4.11 -3.93 -3.98 -4.19 -4.14 -4.20 -4.49 -4.34
-4.41 -4.49 -4.38 -4.29 -4.28 -4.35 -4.40 -4.43 -4.56 -4.62 -4.57 -4.42
-4.35 -4.21 -4.30 -4.38 -4.40 -4.45 -4.29 -4.33 -4.64 -4.49 -4.40 -4.31
-4.32 -4.51 -4.55 -4.51 -4.53 -4.62 -4.56 -4.44 -4.49 -4.48 -4.58 -4.59
-4.55 -4.37 -4.34 -4.45 -4.53 -4.51 -4.44 -4.51 -4.60 -4.64 -4.61 -4.70
-4.73 -4.67 -4.55 -4.60 -4.68 -4.58 -4.52 -4.60 -4.71 -4.76 -4.62 -4.59
-4.70 -4.81 -4.88 -4.84 -4.73 -4.70 -4.73 -4.86 -4.88 -4.79 -4.81 -4.87
-4.87 -4.91 -4.86 -4.84 -4.88 -4.86 -4.88 -4.90 -4.91 -4.92 -4.87 -4.87
-4.88 -4.85 -4.82 -5.07 -4.88 -4.85 -4.90 -5.03 -5.05 -5.16 -5.01 -4.92
-4.89 -4.95 -5.08 -5.03 -5.01 -5.06 -5.07 -4.55 -4.98 -5.14 -5.08 -5.26
-5.19 -5.29 -5.26 -5.18 -5.27 -5.43 -5.38 -5.29 -5.37 -5.61 -5.56 -5.48
-4.37 -4.42 -4.27 -4.28 -4.43 -4.37 -4.36 -4.20 -4.23 -4.34 -4.41 -4.29
-4.33 -4.37 -4.30 -4.10 -3.81 -3.93 -4.15 -4.12 -4.19 -4.32 -4.47 -4.36
-4.41 -4.36 -4.24 -4.26 -4.31 -4.35 -4.41 -4.48 -4.62 -4.52 -4.42 -4.25
-4.22 -4.27 -4.31 -4.32 -4.42 -4.22 -4.30 -4.56 -4.44 -4.32 -4.27 -4.29
-4.45 -4.49 -4.45 -4.52 -4.58 -4.49 -4.37 -4.41 -4.57 -4.50 -4.53 -4.51
-4.39 -4.40 -4.34 -4.44 -4.48 -4.46 -4.52 -4.63 -4.69 -4.69 -4.66 -4.67
-4.70 -4.63 -4.62 -4.64 -4.57 -4.57 -4.63 -4.78 -4.77 -4.65 -4.59 -4.67
-4.84 -4.83 -4.72 -4.77 -4.80 -4.78 -4.79 -4.84 -4.80 -4.82 -4.82 -4.79
-4.77 -4.78 -4.77 -4.71 -4.72 -4.78 -4.85 -4.92 -4.92 -4.91 -4.89 -4.86
-4.80 -5.11 -5.03 -4.87 -4.87 -4.83 -4.97 -4.94 -4.87 -5.09 -4.96 -4.99
-4.98 -4.95 -4.92 -5.01 -4.96 -5.01 -4.50 -5.05 -5.08 -5.10 -5.16 -5.29
-5.22 -5.19 -5.26 -5.42 -5.19 -5.19 -5.19 -5.25 -5.58 -5.40 -5.36 -5.49
-4.29 -4.21 -4.22 -4.37 -4.36 -4.25 -4.16 -4.11 -4.31 -4.34 -4.28 -4.29
-4.35 -4.25 -4.06 -3.82 -3.83 -4.11 -4.09 -4.17 -4.32 -4.30 -4.51 -4.38
-4.26 -4.22 -4.22 -4.30 -4.34 -4.39 -4.47 -4.54 -4.53 -4.36 -4.24 -4.13
-4.29 -4.28 -4.25 -4.34 -4.20 -4.23 -4.55 -4.38 -4.29 -4.21 -4.27 -4.44
-4.43 -4.39 -4.46 -4.58 -4.47 -4.31 -4.36 -4.53 -4.62 -4.44 -4.43 -4.34
-4.42 -4.40 -4.35 -4.40 -4.43 -4.55 -4.63 -4.67 -4.54 -4.56 -4.64 -4.65
-4.53 -4.50 -4.57 -4.55 -4.49 -4.52 -4.61 -4.70 -4.57 -4.50 -4.62 -4.72
-4.81 -4.84 -4.75 -4.72 -4.72 -4.77 -4.79 -4.86 -4.85 -4.87 -4.86 -4.84
-4.90 -4.86 -4.75 -4.74 -4.84 -4.96 -4.97 -4.92 -4.89 -4.88 -4.87 -4.84
-4.85 -4.96 -4.91 -4.88 -4.97 -4.93 -4.88 -4.92 -4.99 -5.06 -4.89 -4.99
-4.97 -4.87 -4.96 -4.98 -4.99 -4.61 -4.98 -5.13 -5.11 -5.24 -5.20 -5.23
-5.20 -5.31 -5.26 -5.17 -5.27 -5.29 -5.28 -5.24 -5.42 -5.20 -5.36 -5.40
-4.11 -4.19 -4.33 -4.33 -4.25 -4.07 -4.11 -4.24 -4.34 -4.23 -4.30 -4.33
-4.24 -4.01 -3.79 -3.86 -4.04 -4.07 -4.14 -4.32 -4.32 -4.35 -4.52 -4.23
-4.14 -4.21 -4.27 -4.35 -4.39 -4.45 -4.53 -4.46 -4.37 -4.19 -4.14 -4.21
-4.30 -4.22 -4.27 -4.12 -4.21 -4.49 -4.37 -4.23 -4.19 -4.22 -4.43 -4.42
-4.33 -4.41 -4.52 -4.49 -4.32 -4.33 -4.51 -4.59 -4.54 -4.33 -4.26 -4.38
-4.45 -4.43 -4.30 -4.36 -4.53 -4.66 -4.66 -4.60 -4.65 -4.73 -4.69 -4.61
-4.52 -4.52 -4.51 -4.48 -4.51 -4.65 -4.71 -4.63 -4.61 -4.73 -4.77 -4.77
-4.78 -4.73 -4.71 -4.81 -4.80 -4.72 -4.77 -4.84 -4.83 -4.84 -4.82 -4.77
-4.84 -4.90 -4.81 -4.77 -4.82 -4.85 -4.88 -4.87 -4.79 -4.84 -4.80 -4.88
-4.91 -4.98 -5.00 -4.90 -4.98 -4.99 -4.85 -5.00 -4.95 -4.95 -5.17 -5.02
-4.88 -4.87 -5.02 -4.99 -4.55 -5.07 -5.13 -5.11 -5.10 -5.17 -5.20 -5.23
-5.27 -5.19 -5.19 -5.20 -5.13 -5.27 -5.37 -5.49 -5.36 -5.34 -5.27 -5.40
-4.11 -4.32 -4.33 -4.25 -4.11 -4.06 -4.26 -4.29 -4.27 -4.28 -4.34 -4.23
-4.00 -3.74 -3.85 -4.09 -3.99 -4.11 -4.29 -4.34 -4.36 -4.33 -4.39 -4.13
-4.13 -4.28 -4.36 -4.42 -4.45 -4.51 -4.45 -4.28 -4.20 -4.10 -4.20 -4.22
-4.24 -4.24 -4.05 -4.16 -4.49 -4.33 -4.24 -4.15 -4.22 -4.38 -4.41 -4.33
-4.37 -4.48 -4.45 -4.36 -4.34 -4.49 -4.58 -4.50 -4.42 -4.16 -4.32 -4.46
-4.47 -4.36 -4.27 -4.46 -4.62 -4.71 -4.65 -4.68 -4.74 -4.77 -4.62 -4.61
-4.56 -4.45 -4.46 -4.57 -4.69 -4.69 -4.56 -4.54 -4.63 -4.76 -4.83 -4.87
-4.80 -4.77 -4.82 -4.91 -4.83 -4.77 -4.74 -4.79 -4.79 -4.75 -4.78 -4.70
-4.70 -4.80 -4.83 -4.88 -4.90 -4.88 -4.88 -4.76 -4.71 -4.79 -4.91 -4.95
-4.90 -4.86 -4.83 -4.88 -4.83 -5.06 -4.87 -4.81 -4.94 -4.96 -4.96 -4.91
-4.99 -4.75 -4.98 -4.60 -4.96 -5.06 -5.08 -5.07 -5.07 -5.18 -5.17 -5.07
-5.00 -5.09 -5.34 -5.13 -5.20 -5.39 -5.30 -5.39 -5.25 -5.42 -5.38 -5.34
-4.25 -4.34 -4.26 -4.13 -4.12 -4.22 -4.30 -4.24 -4.35 -4.31 -4.25 -3.99
-3.73 -3.82 -4.10 -4.04 -4.01 -4.25 -4.33 -4.37 -4.33 -4.24 -4.32 -4.13
-4.23 -4.40 -4.42 -4.46 -4.50 -4.43 -4.26 -4.13 -4.13 -4.15 -4.21 -4.17
-4.27 -4.03 -4.12 -4.44 -4.34 -4.20 -4.16 -4.20 -4.37 -4.35 -4.33 -4.38
-4.44 -4.42 -4.34 -4.40 -4.51 -4.55 -4.46 -4.37 -4.26 -4.25 -4.44 -4.47
-4.38 -4.33 -4.37 -4.54 -4.56 -4.49 -4.63 -4.64 -4.52 -4.49 -4.46 -4.58
-4.51 -4.41 -4.50 -4.68 -4.75 -4.67 -4.62 -4.66 -4.70 -4.77 -4.78 -4.67
-4.60 -4.70 -4.75 -4.75 -4.80 -4.76 -4.76 -4.87 -4.81 -4.77 -4.77 -4.70
-4.67 -4.75 -4.80 -4.76 -4.82 -4.91 -4.88 -4.91 -4.95 -4.81 -4.84 -4.82
-4.73 -4.87 -4.91 -4.94 -4.93 -4.91 -4.98 -4.93 -4.93 -4.97 -4.81 -5.08
-4.97 -4.85 -4.55 -5.01 -5.03 -5.02 -5.16 -5.18 -5.14 -5.17 -5.09 -5.05
-5.11 -5.12 -4.99 -5.30 -5.15 -5.16 -5.26 -5.16 -5.20 -5.35 -5.32 -5.25
-4.30 -4.29 -4.17 -4.17 -4.28 -4.26 -4.30 -4.34 -4.35 -4.22 -4.02 -3.71
-3.82 -4.09 -4.05 -4.04 -4.15 -4.32 -4.37 -4.35 -4.29 -4.18 -4.30 -4.23
-4.35 -4.43 -4.44 -4.51 -4.42 -4.24 -4.13 -4.07 -4.16 -4.16 -4.18 -4.20
-4.08 -4.13 -4.42 -4.32 -4.22 -4.14 -4.23 -4.34 -4.35 -4.30 -4.40 -4.47
-4.39 -4.32 -4.36 -4.54 -4.55 -4.42 -4.34 -4.20 -4.33 -4.40 -4.39 -4.30
-4.33 -4.47 -4.43 -4.60 -4.56 -4.61 -4.66 -4.69 -4.62 -4.51 -4.41 -4.43
-4.40 -4.50 -4.72 -4.67 -4.59 -4.58 -4.62 -4.70 -4.72 -4.74 -4.70 -4.69
-4.73 -4.76 -4.71 -4.67 -4.71 -4.74 -4.71 -4.75 -4.66 -4.68 -4.75 -4.77
-4.78 -4.87 -4.91 -4.88 -4.82 -4.73 -4.76 -4.75 -4.84 -4.85 -4.81 -4.81
-4.92 -4.80 -4.93 -4.87 -4.93 -4.99 -4.97 -4.91 -4.89 -4.81 -4.91 -4.77
-4.92 -4.56 -4.83 -5.06 -5.00 -4.90 -5.14 -5.16 -5.00 -5.01 -5.00 -5.05
-5.06 -5.05 -5.03 -5.05 -5.19 -5.15 -5.12 -5.14 -5.29 -5.28 -5.28 -5.43
-4.24 -4.18 -4.18 -4.28 -4.28 -4.24 -4.36 -4.28 -4.24 -3.97 -3.70 -3.78
-4.07 -4.01 -4.01 -4.17 -4.23 -4.35 -4.33 -4.30 -4.21 -4.13 -4.37 -4.33
-4.33 -4.41 -4.47 -4.42 -4.22 -4.11 -4.06 -4.07 -4.15 -4.12 -4.20 -4.01
-4.17 -4.42 -4.29 -4.17 -4.15 -4.20 -4.36 -4.31 -4.30 -4.36 -4.47 -4.39
-4.28 -4.31 -4.46 -4.56 -4.40 -4.29 -4.17 -4.27 -4.48 -4.29 -4.17 -4.24
-4.47 -4.53 -4.51 -4.55 -4.55 -4.57 -4.54 -4.47 -4.44 -4.45 -4.36 -4.41
-4.48 -4.56 -4.64 -4.63 -4.53 -4.51 -4.64 -4.69 -4.68 -4.75 -4.69 -4.71
-4.73 -4.67 -4.70 -4.81 -4.79 -4.70 -4.73 -4.74 -4.68 -4.64 -4.65 -4.80
-4.90 -4.95 -4.89 -4.82 -4.78 -4.84 -4.94 -4.70 -4.77 -4.77 -4.80 -4.70
-4.82 -4.74 -4.79 -4.85 -4.74 -4.90 -4.83 -4.90 -4.87 -4.78 -5.07 -4.84
-4.67 -4.91 -4.95 -5.01 -5.00 -5.07 -5.05 -4.93 -4.93 -4.99 -4.91 -5.00
-4.95 -5.08 -5.10 -5.13 -5.10 -5.08 -5.08 -5.14 -5.23 -5.24 -5.33 -5.30
-4.09 -4.16 -4.25 -4.25 -4.24 -4.24 -4.26 -4.16 -3.97 -3.62 -3.75 -4.01
-3.97 -3.95 -4.12 -4.24 -4.25 -4.28 -4.25 -4.20 -4.12 -4.18 -4.45 -4.28
-4.30 -4.44 -4.38 -4.21 -4.08 -4.02 -4.04 -4.05 -4.10 -4.13 -4.01 -4.10
-4.46 -4.29 -4.12 -4.08 -4.19 -4.31 -4.32 -4.26 -4.34 -4.41 -4.36 -4.26
-4.25 -4.39 -4.46 -4.40 -4.28 -4.12 -4.23 -4.39 -4.34 -4.06 -4.11 -4.39
-4.55 -4.55 -4.44 -4.57 -4.51 -4.48 -4.48 -4.50 -4.46 -4.37 -4.34 -4.46
-4.56 -4.60 -4.53 -4.47 -4.46 -4.56 -4.62 -4.67 -4.65 -4.70 -4.70 -4.66
-4.66 -4.69 -4.68 -4.76 -4.75 -4.73 -4.68 -4.68 -4.66 -4.70 -4.75 -4.74
-4.84 -4.78 -4.71 -4.71 -4.66 -4.68 -4.81 -4.80 -4.82 -4.72 -4.78 -4.68
-4.77 -4.76 -4.87 -4.79 -4.85 -4.91 -4.89 -4.76 -4.81 -4.94 -4.74 -4.48
-4.92 -4.90 -4.87 -4.87 -4.90 -4.98 -4.95 -4.89 -4.91 -4.94 -4.94 -4.94
-5.01 -4.95 -5.04 -4.95 -5.03 -5.04 -5.09 -5.17 -5.09 -5.11 -5.23 -5.25
-4.04 -4.19 -4.19 -4.17 -4.18 -4.13 -4.12 -3.87 -3.60 -3.64 -3.96 -3.91
-3.90 -4.04 -4.19 -4.26 -4.17 -4.18 -4.12 -4.07 -4.13 -4.23 -4.39 -4.24
-4.32 -4.33 -4.15 -4.04 -3.96 -4.00 -4.01 -3.99 -4.11 -3.95 -4.10 -4.39
-4.32 -4.09 -4.00 -4.11 -4.30 -4.28 -4.26 -4.29 -4.37 -4.28 -4.20 -4.20
-4.30 -4.36 -4.31 -4.29 -4.10 -4.16 -4.30 -4.23 -4.11 -4.01 -4.27 -4.48
-4.49 -4.47 -4.42 -4.41 -4.42 -4.43 -4.38 -4.33 -4.25 -4.29 -4.42 -4.56
-4.58 -4.48 -4.39 -4.50 -4.62 -4.63 -4.60 -4.54 -4.54 -4.68 -4.64 -4.58
-4.64 -4.70 -4.70 -4.66 -4.62 -4.62 -4.69 -4.63 -4.53 -4.68 -4.72 -4.66
-4.64 -4.73 -4.71 -4.66 -4.75 -4.59 -4.59 -4.81 -4.76 -4.64 -4.68 -4.53
-4.88 -4.82 -4.84 -4.79 -4.79 -4.80 -4.79 -4.76 -4.85 -4.78 -4.61 -4.77
-4.86 -4.86 -4.68 -4.88 -4.89 -4.79 -4.79 -4.85 -4.95 -5.00 -4.87 -4.89
-4.98 -5.06 -5.05 -4.98 -4.84 -4.92 -5.00 -5.11 -5.06 -5.20 -5.26 -5.34
-4.05 -4.12 -4.08 -4.07 -4.08 -3.99 -3.82 -3.50 -3.59 -3.84 -3.87 -3.84
-3.98 -4.10 -4.21 -4.17 -4.02 -4.02 -3.98 -4.07 -4.18 -4.18 -4.36 -4.25
-4.21 -4.10 -3.95 -3.90 -3.95 -3.95 -3.93 -4.00 -3.93 -4.03 -4.38 -4.24
-4.09 -3.94 -4.03 -4.22 -4.28 -4.21 -4.27 -4.29 -4.21 -4.10 -4.13 -4.23
-4.26 -4.24 -4.20 -4.09 -4.12 -4.17 -4.14 -4.03 -4.06 -4.17 -4.38 -4.37
-4.30 -4.34 -4.27 -4.34 -4.26 -4.29 -4.33 -4.25 -4.23 -4.38 -4.41 -4.44
-4.43 -4.39 -4.44 -4.51 -4.56 -4.56 -4.48 -4.50 -4.55 -4.60 -4.58 -4.57
-4.67 -4.69 -4.64 -4.64 -4.64 -4.66 -4.53 -4.53 -4.61 -4.61 -4.67 -4.66
-4.63 -4.57 -4.52 -4.65 -4.61 -4.61 -4.71 -4.63 -4.80 -4.67 -4.73 -4.71
-4.71 -4.75 -4.74 -4.62 -4.66 -4.76 -4.66 -4.82 -4.82 -4.41 -4.62 -4.79
-4.70 -4.79 -4.86 -4.80 -4.76 -4.80 -4.84 -4.79 -4.85 -4.76 -4.88 -4.89
-4.93 -4.85 -4.94 -4.83 -4.94 -5.05 -5.01 -5.01 -5.07 -5.28 -5.14 -5.25
-3.95 -3.97 -3.95 -3.97 -3.94 -3.69 -3.46 -3.47 -3.78 -3.75 -3.79 -3.90
-4.04 -4.12 -4.10 -3.99 -3.86 -3.88 -3.98 -4.12 -4.14 -4.14 -4.36 -4.14
-3.97 -3.87 -3.81 -3.90 -3.89 -3.86 -3.94 -3.81 -3.98 -4.26 -4.18 -3.95
-3.89 -3.93 -4.11 -4.17 -4.16 -4.17 -4.24 -4.11 -4.00 -4.02 -4.16 -4.19
-4.17 -4.12 -3.98 -4.10 -4.10 -4.05 -4.00 -3.99 -4.23 -4.32 -4.26 -4.22
-4.29 -4.35 -4.33 -4.34 -4.27 -4.24 -4.18 -4.22 -4.30 -4.37 -4.34 -4.33
-4.29 -4.35 -4.49 -4.60 -4.59 -4.47 -4.45 -4.56 -4.54 -4.56 -4.57 -4.55
-4.58 -4.56 -4.60 -4.58 -4.53 -4.49 -4.42 -4.56 -4.65 -4.64 -4.63 -4.74
-4.56 -4.52 -4.57 -4.63 -4.66 -4.67 -4.62 -4.66 -4.69 -4.64 -4.61 -4.72
-4.63 -4.66 -4.78 -4.74 -4.81 -4.65 -4.63 -4.80 -4.43 -4.71 -4.75 -4.77
-4.85 -4.76 -4.73 -4.84 -4.69 -4.71 -4.70 -4.63 -4.70 -4.74 -4.83 -4.86
-4.87 -4.82 -4.86 -4.86 -4.81 -5.02 -5.01 -5.00 -5.13 -5.07 -5.01 -5.09
-3.81 -3.86 -3.89 -3.86 -3.67 -3.35 -3.44 -3.67 -3.72 -3.69 -3.87 -3.96
-4.06 -4.02 -3.92 -3.84 -3.75 -3.91 -4.05 -4.10 -4.11 -4.15 -4.24 -3.90
-3.73 -3.74 -3.83 -3.86 -3.81 -3.89 -3.78 -3.87 -4.20 -4.04 -3.88 -3.75
-3.90 -4.04 -4.07 -4.04 -4.11 -4.14 -4.06 -3.91 -3.94 -4.05 -4.13 -4.13
-4.06 -3.90 -3.98 -4.07 -4.01 -3.95 -3.98 -4.17 -4.37 -4.28 -4.27 -4.36
-4.28 -4.32 -4.20 -4.12 -4.18 -4.15 -4.13 -4.25 -4.29 -4.34 -4.25 -4.26
-4.29 -4.35 -4.46 -4.54 -4.48 -4.41 -4.42 -4.47 -4.47 -4.50 -4.50 -4.61
-4.61 -4.55 -4.50 -4.48 -4.50 -4.47 -4.44 -4.59 -4.55 -4.45 -4.61 -4.53
-4.49 -4.50 -4.60 -4.55 -4.59 -4.68 -4.54 -4.74 -4.56 -4.70 -4.67 -4.57
-4.68 -4.76 -4.58 -4.64 -4.60 -4.69 -4.70 -4.45 -4.67 -4.70 -4.62 -4.80
-4.83 -4.73 -4.70 -4.72 -4.57 -4.74 -4.66 -4.63 -4.78 -4.83 -4.74 -4.73
-4.72 -4.77 -4.82 -4.84 -4.76 -4.90 -4.89 -4.93 -4.95 -5.08 -5.15 -4.99
-3.72 -3.83 -3.80 -3.62 -3.35 -3.34 -3.64 -3.62 -3.67 -3.77 -3.92 -3.99
-3.97 -3.84 -3.77 -3.75 -3.80 -3.97 -4.03 -4.08 -4.13 -4.02 -4.01 -3.68
-3.60 -3.78 -3.80 -3.78 -3.85 -3.74 -3.83 -4.06 -3.96 -3.75 -3.70 -3.77
-4.01 -4.00 -3.93 -3.98 -4.09 -3.98 -3.87 -3.87 -3.98 -4.04 -4.08 -4.01
-3.84 -3.90 -3.96 -3.99 -3.92 -3.94 -4.15 -4.28 -4.28 -4.12 -4.19 -4.26
-4.25 -4.23 -4.16 -4.21 -4.12 -4.12 -4.18 -4.29 -4.29 -4.22 -4.15 -4.22
-4.32 -4.41 -4.40 -4.34 -4.41 -4.40 -4.42 -4.47 -4.39 -4.46 -4.47 -4.47
-4.44 -4.41 -4.42 -4.49 -4.52 -4.48 -4.52 -4.52 -4.44 -4.52 -4.43 -4.36
-4.44 -4.48 -4.47 -4.54 -4.53 -4.57 -4.55 -4.58 -4.56 -4.66 -4.60 -4.51
-4.57 -4.58 -4.61 -4.58 -4.55 -4.67 -4.32 -4.60 -4.61 -4.61 -4.69 -4.74
-4.70 -4.58 -4.67 -4.62 -4.57 -4.54 -4.62 -4.65 -4.72 -4.78 -4.77 -4.75
-4.70 -4.73 -4.74 -4.78 -4.76 -4.83 -4.91 -5.02 -4.82 -4.90 -5.12 -4.97
-3.71 -3.74 -3.58 -3.32 -3.34 -3.53 -3.59 -3.59 -3.77 -3.83 -3.95 -3.92
-3.81 -3.70 -3.71 -3.82 -3.85 -3.95 -4.02 -4.11 -4.01 -3.82 -3.82 -3.55
-3.65 -3.76 -3.73 -3.82 -3.72 -3.79 -3.99 -3.80 -3.69 -3.61 -3.74 -3.90
-3.98 -3.86 -3.87 -3.98 -3.95 -3.79 -3.83 -3.91 -3.97 -3.99 -3.95 -3.80
-3.85 -3.88 -3.88 -3.91 -3.92 -4.10 -4.22 -4.17 -4.11 -4.15 -4.20 -4.15
-4.08 -4.03 -4.03 -4.09 -4.04 -4.07 -4.21 -4.25 -4.14 -4.18 -4.27 -4.35
-4.31 -4.30 -4.32 -4.30 -4.24 -4.29 -4.28 -4.29 -4.38 -4.45 -4.39 -4.41
-4.41 -4.44 -4.39 -4.34 -4.41 -4.44 -4.56 -4.54 -4.63 -4.35 -4.29 -4.44
-4.50 -4.38 -4.52 -4.40 -4.49 -4.54 -4.49 -4.46 -4.44 -4.42 -4.47 -4.64
-4.48 -4.48 -4.59 -4.51 -4.46 -4.25 -4.51 -4.62 -4.40 -4.59 -4.60 -4.69
-4.49 -4.57 -4.60 -4.59 -4.55 -4.50 -4.59 -4.67 -4.59 -4.77 -4.60 -4.68
-4.58 -4.69 -4.74 -4.69 -4.87 -4.95 -4.77 -4.85 -4.98 -4.90 -4.82 -4.98
-3.63 -3.54 -3.29 -3.31 -3.53 -3.49 -3.58 -3.69 -3.81 -3.85 -3.89 -3.78
-3.66 -3.66 -3.80 -3.85 -3.81 -3.94 -4.06 -3.99 -3.83 -3.65 -3.69 -3.59
-3.65 -3.70 -3.76 -3.69 -3.75 -3.92 -3.71 -3.55 -3.59 -3.65 -3.86 -3.86
-3.82 -3.78 -3.88 -3.85 -3.75 -3.76 -3.87 -3.90 -3.92 -3.85 -3.76 -3.81
-3.85 -3.80 -3.79 -3.93 -4.06 -4.13 -4.12 -4.06 -4.11 -4.04 -4.00 -3.99
-3.94 -3.97 -3.95 -3.97 -4.05 -4.17 -4.19 -4.13 -4.09 -4.14 -4.20 -4.30
-4.33 -4.31 -4.29 -4.29 -4.29 -4.34 -4.31 -4.36 -4.34 -4.35 -4.31 -4.21
-4.29 -4.34 -4.32 -4.37 -4.34 -4.51 -4.50 -4.49 -4.39 -4.35 -4.40 -4.35
-4.39 -4.50 -4.41 -4.38 -4.46 -4.48 -4.39 -4.45 -4.45 -4.44 -4.55 -4.53
-4.46 -4.53 -4.51 -4.46 -4.19 -4.53 -4.45 -4.41 -4.48 -4.58 -4.44 -4.52
-4.43 -4.47 -4.49 -4.53 -4.48 -4.55 -4.59 -4.53 -4.64 -4.63 -4.53 -4.57
-4.68 -4.62 -4.66 -4.90 -4.84 -4.79 -4.80 -4.73 -4.83 -5.05 -4.80 -4.88
-3.45 -3.26 -3.29 -3.49 -3.49 -3.49 -3.69 -3.72 -3.83 -3.79 -3.76 -3.62
-3.63 -3.74 -3.80 -3.80 -3.82 -3.99 -3.94 -3.82 -3.69 -3.50 -3.71 -3.61
-3.58 -3.71 -3.66 -3.74 -3.88 -3.67 -3.56 -3.55 -3.68 -3.81 -3.87 -3.74
-3.79 -3.86 -3.81 -3.69 -3.75 -3.82 -3.88 -3.86 -3.78 -3.69 -3.77 -3.82
-3.76 -3.70 -3.78 -4.01 -4.03 -4.05 -4.00 -3.96 -4.05 -4.04 -4.00 -3.85
-3.86 -3.95 -3.93 -4.00 -4.07 -4.10 -4.06 -4.08 -4.04 -4.16 -4.23 -4.27
-4.18 -4.13 -4.20 -4.21 -4.19 -4.24 -4.25 -4.26 -4.26 -4.28 -4.20 -4.24
-4.28 -4.28 -4.28 -4.28 -4.48 -4.45 -4.29 -4.38 -4.34 -4.28 -4.46 -4.38
-4.34 -4.32 -4.27 -4.33 -4.39 -4.40 -4.43 -4.48 -4.43 -4.40 -4.41 -4.39
-4.39 -4.30 -4.33 -4.24 -4.42 -4.47 -4.44 -4.55 -4.57 -4.52 -4.42 -4.36
-4.42 -4.43 -4.63 -4.48 -4.39 -4.56 -4.49 -4.53 -4.54 -4.48 -4.53 -4.53
-4.58 -4.59 -4.76 -4.73 -4.57 -4.72 -4.69 -4.67 -4.74 -4.73 -4.82 -4.78
-3.15 -3.24 -3.44 -3.44 -3.47 -3.58 -3.70 -3.73 -3.76 -3.66 -3.59 -3.58
-3.70 -3.71 -3.74 -3.81 -3.86 -3.86 -3.76 -3.68 -3.50 -3.50 -3.71 -3.51
-3.58 -3.61 -3.70 -3.85 -3.64 -3.54 -3.56 -3.62 -3.81 -3.80 -3.73 -3.70
-3.87 -3.79 -3.64 -3.68 -3.79 -3.83 -3.82 -3.71 -3.62 -3.69 -3.77 -3.70
-3.65 -3.68 -3.83 -3.97 -3.91 -3.96 -3.96 -3.90 -3.97 -3.91 -3.88 -3.82
-3.82 -3.84 -3.85 -4.08 -4.10 -4.03 -3.95 -3.98 -4.10 -4.14 -4.09 -4.07
-4.07 -4.17 -4.21 -4.17 -4.12 -4.13 -4.19 -4.22 -4.21 -4.26 -4.25 -4.19
-4.19 -4.26 -4.27 -4.35 -4.22 -4.23 -4.28 -4.28 -4.31 -4.32 -4.26 -4.27
-4.35 -4.27 -4.40 -4.33 -4.36 -4.31 -4.29 -4.29 -4.42 -4.40 -4.35 -4.36
-4.36 -4.47 -4.15 -4.33 -4.41 -4.29 -4.36 -4.42 -4.34 -4.33 -4.41 -4.33
-4.39 -4.38 -4.31 -4.36 -4.36 -4.43 -4.44 -4.37 -4.34 -4.40 -4.49 -4.59
-4.58 -4.59 -4.68 -4.66 -4.65 -4.62 -4.52 -4.58 -4.73 -4.61 -4.73 -4.79
-3.11 -3.38 -3.37 -3.40 -3.55 -3.58 -3.70 -3.64 -3.62 -3.48 -3.53 -3.62
-3.65 -3.65 -3.73 -3.81 -3.71 -3.67 -3.61 -3.47 -3.48 -3.47 -3.59 -3.50
-3.48 -3.65 -3.80 -3.62 -3.51 -3.54 -3.62 -3.72 -3.76 -3.65 -3.68 -3.77
-3.80 -3.61 -3.62 -3.71 -3.79 -3.76 -3.68 -3.56 -3.61 -3.68 -3.63 -3.58
-3.62 -3.71 -3.79 -3.87 -3.84 -3.83 -3.77 -3.77 -3.85 -3.79 -3.76 -3.71
-3.71 -3.85 -3.92 -3.99 -3.95 -3.90 -3.90 -3.97 -4.06 -4.16 -4.04 -4.08
-4.14 -4.15 -4.12 -4.09 -4.12 -4.19 -4.21 -4.20 -4.10 -4.14 -4.08 -4.08
-4.15 -4.15 -4.19 -4.18 -4.20 -4.20 -4.11 -4.10 -4.24 -4.17 -4.13 -4.20
-4.39 -4.41 -4.17 -4.26 -4.25 -4.21 -4.25 -4.31 -4.28 -4.34 -4.20 -4.21
-4.27 -4.12 -4.30 -4.38 -4.27 -4.32 -4.36 -4.44 -4.37 -4.37 -4.29 -4.35
-4.33 -4.29 -4.32 -4.23 -4.35 -4.30 -4.36 -4.29 -4.39 -4.42 -4.41 -4.34
-4.57 -4.56 -4.50 -4.51 -4.52 -4.61 -4.64 -4.56 -4.55 -4.64 -4.64 -4.73
-3.24 -3.29 -3.31 -3.45 -3.55 -3.58 -3.58 -3.49 -3.44 -3.40 -3.53 -3.57
-3.59 -3.62 -3.70 -3.66 -3.51 -3.50 -3.38 -3.43 -3.44 -3.35 -3.60 -3.42
-3.52 -3.74 -3.57 -3.48 -3.49 -3.58 -3.69 -3.66 -3.61 -3.60 -3.74 -3.71
-3.63 -3.58 -3.63 -3.69 -3.71 -3.61 -3.52 -3.54 -3.57 -3.52 -3.51 -3.53
-3.64 -3.68 -3.73 -3.82 -3.80 -3.80 -3.76 -3.66 -3.66 -3.70 -3.71 -3.63
-3.68 -3.80 -3.78 -3.82 -3.79 -3.85 -3.91 -3.99 -4.05 -3.99 -3.93 -4.02
-4.03 -4.00 -4.00 -4.04 -4.08 -4.08 -4.08 -4.03 -4.02 -4.04 -4.03 -4.11
-4.11 -4.18 -4.23 -4.16 -4.14 -4.11 -4.17 -4.23 -4.18 -4.18 -4.04 -4.25
-4.12 -4.18 -4.22 -4.24 -4.31 -4.27 -4.14 -4.17 -4.16 -4.23 -4.26 -4.23
-3.98 -4.17 -4.30 -4.27 -4.35 -4.28 -4.22 -4.29 -4.32 -4.31 -4.24 -4.18
-4.28 -4.29 -4.39 -4.19 -4.28 -4.24 -4.23 -4.25 -4.30 -4.27 -4.27 -4.35
-4.37 -4.39 -4.35 -4.38 -4.44 -4.47 -4.48 -4.53 -4.54 -4.59 -4.56 -4.59
-3.14 -3.21 -3.36 -3.47 -3.55 -3.44 -3.43 -3.32 -3.34 -3.38 -3.50 -3.51
-3.54 -3.56 -3.54 -3.46 -3.32 -3.28 -3.34 -3.38 -3.30 -3.38 -3.52 -3.44
-3.61 -3.51 -3.41 -3.43 -3.52 -3.64 -3.61 -3.51 -3.58 -3.65 -3.68 -3.55
-3.57 -3.59 -3.61 -3.61 -3.57 -3.45 -3.50 -3.48 -3.41 -3.41 -3.45 -3.55
-3.64 -3.62 -3.63 -3.67 -3.61 -3.67 -3.71 -3.63 -3.61 -3.55 -3.55 -3.65
-3.83 -3.84 -3.71 -3.75 -3.73 -3.80 -3.90 -3.95 -3.87 -3.85 -3.94 -4.01
-3.94 -3.88 -3.89 -4.02 -3.98 -3.93 -3.95 -4.00 -3.90 -3.89 -3.97 -3.99
-4.11 -4.10 -4.13 -3.98 -4.02 -4.10 -4.11 -3.97 -4.12 -4.03 -4.17 -4.05
-4.17 -4.10 -4.14 -4.03 -4.03 -4.10 -4.16 -4.06 -4.12 -4.09 -4.11 -4.00
-4.19 -4.14 -4.04 -4.17 -4.16 -4.19 -4.15 -4.21 -4.08 -4.13 -4.17 -4.13
-4.15 -4.16 -4.15 -4.15 -4.26 -4.11 -4.17 -4.19 -4.23 -4.25 -4.34 -4.36
-4.32 -4.34 -4.28 -4.34 -4.46 -4.34 -4.35 -4.46 -4.45 -4.51 -4.46 -4.52
-3.05 -3.25 -3.39 -3.46 -3.39 -3.28 -3.28 -3.20 -3.31 -3.35 -3.44 -3.44
-3.46 -3.41 -3.34 -3.26 -3.13 -3.25 -3.29 -3.25 -3.36 -3.28 -3.52 -3.52
-3.36 -3.30 -3.30 -3.42 -3.52 -3.50 -3.43 -3.43 -3.56 -3.54 -3.48 -3.43
-3.52 -3.53 -3.50 -3.45 -3.37 -3.42 -3.41 -3.33 -3.30 -3.37 -3.49 -3.59
-3.66 -3.55 -3.56 -3.63 -3.65 -3.69 -3.56 -3.48 -3.50 -3.43 -3.52 -3.72
-3.81 -3.69 -3.57 -3.67 -3.75 -3.83 -3.86 -3.80 -3.76 -3.83 -3.85 -3.90
-3.86 -3.85 -3.86 -3.91 -3.89 -3.87 -3.89 -3.80 -3.77 -3.87 -3.88 -3.98
-4.04 -4.03 -3.96 -3.92 -4.03 -4.05 -4.01 -3.96 -4.02 -4.02 -4.08 -3.96
-4.07 -3.99 -4.05 -4.10 -4.09 -4.05 -3.99 -4.04 -3.99 -4.09 -3.88 -4.01
-4.13 -4.05 -4.03 -4.07 -4.08 -4.13 -4.05 -4.03 -4.13 -4.04 -3.99 -4.05
-4.12 -4.11 -4.12 -4.13 -4.11 -4.13 -4.18 -4.13 -4.12 -4.24 -4.30 -4.31
-4.41 -4.22 -4.19 -4.31 -4.27 -4.33 -4.32 -4.39 -4.40 -4.32 -4.46 -4.47
-3.09 -3.29 -3.38 -3.30 -3.24 -3.15 -3.16 -3.18 -3.30 -3.30 -3.36 -3.36
-3.34 -3.22 -3.17 -3.09 -3.11 -3.19 -3.17 -3.32 -3.27 -3.30 -3.58 -3.27
-3.13 -3.19 -3.31 -3.42 -3.40 -3.35 -3.36 -3.42 -3.45 -3.33 -3.35 -3.38
-3.46 -3.42 -3.34 -3.25 -3.34 -3.33 -3.28 -3.24 -3.25 -3.42 -3.54 -3.55
-3.48 -3.43 -3.44 -3.53 -3.57 -3.49 -3.44 -3.42 -3.39 -3.39 -3.61 -3.70
-3.60 -3.55 -3.54 -3.68 -3.74 -3.74 -3.66 -3.68 -3.71 -3.74 -3.71 -3.74
-3.80 -3.84 -3.87 -3.85 -3.78 -3.79 -3.74 -3.81 -3.88 -3.92 -3.94 -3.89
-3.97 -3.82 -3.83 -3.84 -3.94 -3.95 -3.90 -3.88 -3.92 -3.95 -3.96 -4.04
-4.02 -3.95 -3.92 -3.97 -3.92 -3.91 -3.94 -3.98 -3.98 -3.81 -3.93 -3.98
-4.00 -4.08 -3.90 -4.08 -3.99 -4.01 -3.98 -3.93 -4.03 -3.98 -4.00 -4.10
-3.95 -4.08 -3.99 -3.97 -3.99 -4.08 -4.03 -4.04 -4.18 -4.15 -4.12 -4.25
-4.11 -4.12 -4.14 -4.22 -4.25 -4.18 -4.24 -4.28 -4.33 -4.43 -4.50 -4.37
-3.14 -3.29 -3.23 -3.16 -3.12 -3.03 -3.14 -3.18 -3.26 -3.23 -3.31 -3.26
-3.16 -3.06 -3.00 -3.07 -3.05 -3.08 -3.25 -3.23 -3.26 -3.32 -3.34 -3.04
-3.04 -3.21 -3.31 -3.32 -3.25 -3.28 -3.35 -3.30 -3.23 -3.19 -3.30 -3.32
-3.36 -3.27 -3.14 -3.22 -3.25 -3.21 -3.19 -3.20 -3.31 -3.48 -3.48 -3.40
-3.44 -3.37 -3.47 -3.59 -3.36 -3.33 -3.37 -3.34 -3.43 -3.48 -3.56 -3.51
-3.45 -3.50 -3.60 -3.65 -3.63 -3.56 -3.52 -3.65 -3.71 -3.65 -3.57 -3.68
-3.76 -3.76 -3.77 -3.70 -3.73 -3.72 -3.66 -3.69 -3.75 -3.79 -3.86 -3.93
-3.82 -3.86 -3.83 -3.97 -3.83 -3.81 -3.81 -3.78 -3.84 -3.88 -3.94 -3.85
-3.86 -3.88 -3.77 -3.91 -3.79 -3.91 -3.85 -3.93 -3.74 -3.93 -3.89 -3.90
-3.88 -3.85 -3.91 -3.92 -3.92 -3.91 -3.95 -3.88 -3.86 -3.90 -3.97 -3.99
-3.87 -3.93 -3.84 -3.97 -3.94 -3.90 -3.93 -4.10 -4.13 -4.01 -4.01 -4.03
-4.01 -4.15 -4.01 -4.15 -4.10 -4.16 -4.19 -4.11 -4.26 -4.29 -4.22 -4.28
-3.14 -3.15 -3.09 -3.04 -3.01 -3.02 -3.15 -3.15 -3.20 -3.21 -3.22 -3.09
-3.01 -2.89 -2.98 -3.01 -2.94 -3.15 -3.16 -3.21 -3.28 -3.08 -3.13 -2.97
-3.06 -3.21 -3.22 -3.17 -3.18 -3.26 -3.22 -3.06 -3.08 -3.15 -3.25 -3.23
-3.20 -3.06 -3.12 -3.12 -3.14 -3.14 -3.16 -3.27 -3.35 -3.43 -3.35 -3.35
-3.32 -3.25 -3.34 -3.34 -3.27 -3.31 -3.25 -3.25 -3.42 -3.50 -3.47 -3.38
-3.44 -3.54 -3.55 -3.57 -3.53 -3.54 -3.54 -3.58 -3.58 -3.60 -3.58 -3.67
-3.69 -3.64 -3.58 -3.64 -3.58 -3.58 -3.66 -3.74 -3.82 -3.69 -3.70 -3.60
-3.74 -3.81 -3.72 -3.74 -3.77 -3.72 -3.72 -3.81 -3.74 -3.78 -3.84 -3.85
-3.84 -3.83 -3.80 -3.85 -3.84 -3.75 -3.85 -3.69 -3.85 -3.92 -3.85 -3.85
-3.80 -3.94 -3.77 -3.76 -3.87 -3.78 -3.79 -3.76 -3.80 -3.87 -3.79 -3.83
-3.77 -3.76 -3.83 -3.78 -3.82 -3.79 -3.84 -4.01 -3.95 -3.94 -3.97 -3.89
-3.93 -4.01 -4.02 -4.07 -4.08 -4.02 -4.11 -4.15 -4.15 -4.21 -4.11 -4.23
-3.01 -3.02 -2.97 -2.94 -3.00 -3.03 -3.12 -3.10 -3.22 -3.13 -3.06 -2.95
-2.83 -2.87 -2.91 -2.91 -3.01 -3.06 -3.13 -3.22 -3.05 -2.92 -3.09 -2.99
-3.06 -3.14 -3.07 -3.08 -3.16 -3.12 -2.95 -2.91 -3.04 -3.10 -3.16 -3.07
-3.00 -3.04 -3.03 -3.03 -3.06 -3.10 -3.24 -3.29 -3.35 -3.35 -3.29 -3.27
-3.35 -3.27 -3.17 -3.23 -3.17 -3.19 -3.24 -3.32 -3.43 -3.34 -3.37 -3.41
-3.45 -3.48 -3.44 -3.47 -3.45 -3.46 -3.48 -3.52 -3.48 -3.53 -3.60 -3.61
-3.54 -3.51 -3.54 -3.48 -3.45 -3.57 -3.62 -3.64 -3.63 -3.69 -3.53 -3.58
-3.67 -3.67 -3.64 -3.67 -3.73 -3.72 -3.71 -3.68 -3.63 -3.69 -3.64 -3.64
-3.63 -3.67 -3.64 -3.70 -3.75 -3.67 -3.66 -3.70 -3.70 -3.70 -3.76 -3.76
-3.74 -3.65 -3.63 -3.78 -3.70 -3.68 -3.68 -3.72 -3.65 -3.82 -3.65 -3.75
-3.60 -3.72 -3.71 -3.70 -3.71 -3.78 -3.89 -3.84 -3.82 -3.81 -3.85 -3.74
-3.90 -3.94 -3.91 -3.99 -3.93 -3.96 -4.03 -4.00 -4.10 -4.07 -4.15 -4.11
-2.89 -2.89 -2.87 -2.94 -3.02 -3.01 -3.10 -3.15 -3.13 -2.96 -2.91 -2.76
-2.81 -2.81 -2.82 -2.97 -2.94 -3.04 -3.12 -3.00 -2.91 -2.87 -3.08 -2.98
-3.01 -3.00 -3.01 -3.11 -3.05 -2.87 -2.85 -2.93 -3.03 -3.04 -3.02 -2.90
-2.98 -2.97 -2.95 -2.96 -3.00 -3.18 -3.22 -3.20 -3.13 -3.16 -3.13 -3.14
-3.21 -3.03 -3.01 -3.13 -3.11 -3.17 -3.26 -3.25 -3.21 -3.15 -3.23 -3.25
-3.36 -3.47 -3.33 -3.32 -3.36 -3.41 -3.35 -3.36 -3.36 -3.47 -3.48 -3.44
-3.42 -3.42 -3.34 -3.39 -3.46 -3.49 -3.60 -3.53 -3.65 -3.49 -3.45 -3.57
-3.66 -3.56 -3.58 -3.54 -3.63 -3.63 -3.52 -3.64 -3.61 -3.62 -3.61 -3.61
-3.62 -3.47 -3.63 -3.58 -3.59 -3.47 -3.59 -3.56 -3.63 -3.67 -3.69 -3.62
-3.64 -3.53 -3.60 -3.62 -3.64 -3.50 -3.65 -3.64 -3.60 -3.62 -3.70 -3.57
-3.67 -3.61 -3.61 -3.64 -3.81 -3.82 -3.73 -3.78 -3.68 -3.70 -3.74 -3.79
-3.80 -3.86 -3.82 -3.87 -3.90 -3.83 -3.93 -3.89 -3.97 -4.01 -4.03 -4.04
-2.75 -2.80 -2.88 -2.95 -2.99 -2.99 -3.14 -3.03 -2.94 -2.80 -2.71 -2.73
-2.74 -2.73 -2.88 -2.90 -2.91 -3.02 -2.90 -2.86 -2.86 -2.85 -3.06 -2.93
-2.85 -2.93 -3.03 -2.98 -2.79 -2.80 -2.89 -2.92 -2.96 -2.88 -2.84 -2.88
-2.90 -2.89 -2.86 -2.90 -3.07 -3.15 -3.13 -3.08 -3.06 -3.04 -3.08 -3.12
-3.01 -2.93 -2.96 -2.96 -2.98 -3.18 -3.27 -3.15 -3.10 -3.13 -3.23 -3.24
-3.26 -3.29 -3.21 -3.31 -3.36 -3.34 -3.26 -3.26 -3.34 -3.36 -3.32 -3.32
-3.32 -3.27 -3.25 -3.34 -3.38 -3.55 -3.39 -3.47 -3.43 -3.42 -3.47 -3.50
-3.45 -3.46 -3.43 -3.49 -3.49 -3.49 -3.55 -3.55 -3.52 -3.56 -3.55 -3.42
-3.41 -3.56 -3.47 -3.54 -3.39 -3.53 -3.56 -3.46 -3.56 -3.50 -3.55 -3.46
-3.54 -3.48 -3.51 -3.50 -3.44 -3.49 -3.50 -3.55 -3.50 -3.48 -3.43 -3.57
-3.48 -3.57 -3.54 -3.62 -3.73 -3.62 -3.56 -3.66 -3.62 -3.66 -3.72 -3.68
-3.71 -3.73 -3.72 -3.73 -3.80 -3.82 -3.78 -3.77 -3.89 -3.87 -3.91 -3.91
-2.66 -2.81 -2.88 -2.91 -2.97 -3.02 -2.99 -2.82 -2.77 -2.59 -2.68 -2.66
-2.67 -2.78 -2.80 -2.87 -2.88 -2.79 -2.76 -2.81 -2.81 -2.80 -3.00 -2.77
-2.78 -2.95 -2.89 -2.72 -2.72 -2.84 -2.87 -2.84 -2.78 -2.71 -2.82 -2.81
-2.82 -2.81 -2.81 -2.96 -3.03 -3.10 -3.00 -2.97 -3.01 -3.03 -3.04 -2.98
-2.97 -2.84 -2.82 -3.00 -3.08 -3.14 -3.05 -2.96 -3.08 -3.16 -3.25 -3.25
-3.17 -3.17 -3.20 -3.29 -3.23 -3.22 -3.29 -3.34 -3.29 -3.28 -3.28 -3.30
-3.21 -3.23 -3.35 -3.38 -3.35 -3.43 -3.43 -3.30 -3.31 -3.40 -3.32 -3.43
-3.36 -3.41 -3.43 -3.44 -3.33 -3.44 -3.40 -3.42 -3.44 -3.34 -3.44 -3.27
-3.50 -3.38 -3.46 -3.27 -3.39 -3.48 -3.34 -3.45 -3.45 -3.49 -3.51 -3.35
-3.41 -3.35 -3.50 -3.42 -3.43 -3.40 -3.46 -3.45 -3.36 -3.32 -3.43 -3.41
-3.41 -3.46 -3.62 -3.62 -3.56 -3.49 -3.58 -3.53 -3.56 -3.58 -3.58 -3.52
-3.59 -3.65 -3.61 -3.62 -3.69 -3.70 -3.65 -3.72 -3.73 -3.86 -3.79 -3.90
-2.66 -2.79 -2.83 -2.88 -2.97 -2.84 -2.77 -2.65 -2.57 -2.55 -2.59 -2.59
-2.72 -2.69 -2.77 -2.84 -2.63 -2.63 -2.70 -2.75 -2.75 -2.73 -2.83 -2.69
-2.80 -2.80 -2.63 -2.65 -2.76 -2.82 -2.78 -2.65 -2.61 -2.69 -2.74 -2.72
-2.73 -2.76 -2.85 -2.91 -2.96 -2.92 -2.90 -2.93 -2.91 -2.99 -2.87 -2.81
-2.88 -2.75 -2.78 -2.98 -3.04 -3.04 -2.95 -2.98 -3.10 -3.14 -3.21 -3.09
-3.05 -3.15 -3.17 -3.14 -3.12 -3.16 -3.15 -3.18 -3.21 -3.15 -3.08 -3.07
-3.10 -3.19 -3.23 -3.23 -3.24 -3.31 -3.13 -3.20 -3.25 -3.25 -3.35 -3.32
-3.28 -3.33 -3.32 -3.28 -3.29 -3.32 -3.33 -3.31 -3.30 -3.39 -3.13 -3.32
-3.28 -3.39 -3.25 -3.35 -3.32 -3.25 -3.34 -3.37 -3.36 -3.33 -3.32 -3.30
-3.35 -3.29 -3.25 -3.34 -3.38 -3.29 -3.31 -3.28 -3.24 -3.28 -3.32 -3.36
-3.28 -3.47 -3.50 -3.38 -3.42 -3.38 -3.41 -3.40 -3.49 -3.47 -3.49 -3.51
-3.43 -3.56 -3.59 -3.59 -3.58 -3.59 -3.69 -3.65 -3.67 -3.74 -3.71 -3.75
-2.64 -2.73 -2.79 -2.85 -2.77 -2.62 -2.60 -2.46 -2.53 -2.47 -2.53 -2.63
-2.61 -2.66 -2.73 -2.57 -2.45 -2.56 -2.64 -2.68 -2.68 -2.57 -2.77 -2.70
-2.64 -2.55 -2.58 -2.69 -2.72 -2.71 -2.58 -2.50 -2.59 -2.61 -2.64 -2.64
-2.68 -2.78 -2.81 -2.85 -2.83 -2.83 -2.77 -2.79 -2.82 -2.74 -2.72 -2.74
-2.71 -2.69 -2.89 -3.06 -2.86 -2.82 -2.87 -2.92 -3.04 -3.01 -2.95 -2.94
-3.04 -3.09 -2.97 -3.01 -3.03 -3.07 -3.07 -3.04 -2.97 -3.02 -2.98 -2.97
-3.10 -3.20 -3.09 -3.22 -3.21 -3.07 -3.07 -3.14 -3.20 -3.15 -3.19 -3.14
-3.25 -3.24 -3.15 -3.19 -3.26 -3.26 -3.20 -3.16 -3.27 -3.10 -3.14 -3.21
-3.28 -3.03 -3.19 -3.30 -3.23 -3.30 -3.22 -3.23 -3.23 -3.18 -3.23 -3.16
-3.23 -3.10 -3.22 -3.21 -3.26 -3.23 -3.27 -3.18 -3.26 -3.21 -3.21 -3.19
-3.30 -3.44 -3.23 -3.31 -3.35 -3.30 -3.30 -3.38 -3.27 -3.34 -3.42 -3.30
-3.37 -3.47 -3.44 -3.42 -3.42 -3.55 -3.49 -3.51 -3.55 -3.56 -3.61 -3.64
-2.58 -2.68 -2.74 -2.65 -2.56 -2.45 -2.43 -2.40 -2.43 -2.39 -2.56 -2.52
-2.59 -2.61 -2.45 -2.38 -2.40 -2.52 -2.58 -2.62 -2.55 -2.51 -2.76 -2.56
-2.41 -2.49 -2.59 -2.64 -2.60 -2.51 -2.45 -2.51 -2.51 -2.51 -2.55 -2.62
-2.67 -2.75 -2.71 -2.71 -2.77 -2.74 -2.78 -2.89 -2.74 -2.66 -2.58 -2.56
-2.69 -2.77 -2.86 -2.85 -2.76 -2.83 -2.91 -2.93 -2.97 -2.84 -2.87 -2.95
-2.96 -2.98 -2.95 -3.01 -3.03 -3.02 -2.93 -2.92 -2.96 -2.92 -2.90 -3.00
-3.07 -3.08 -3.07 -3.13 -2.92 -3.02 -3.04 -3.18 -3.11 -3.12 -3.08 -3.14
-3.10 -3.06 -3.13 -3.07 -3.17 -3.10 -3.07 -3.11 -3.01 -3.07 -3.11 -3.11
-2.96 -3.07 -3.17 -3.03 -3.21 -3.24 -3.14 -3.11 -3.08 -3.12 -3.14 -3.10
-3.04 -3.11 -3.17 -3.14 -3.03 -3.09 -3.08 -3.08 -3.12 -3.10 -3.03 -3.18
-3.31 -3.15 -3.29 -3.12 -3.24 -3.21 -3.24 -3.19 -3.27 -3.37 -3.20 -3.29
-3.30 -3.32 -3.33 -3.31 -3.41 -3.34 -3.42 -3.43 -3.47 -3.52 -3.51 -3.52
-2.53 -2.62 -2.55 -2.45 -2.41 -2.29 -2.36 -2.30 -2.36 -2.43 -2.45 -2.50
-2.54 -2.34 -2.28 -2.36 -2.38 -2.48 -2.52 -2.49 -2.49 -2.49 -2.60 -2.33
-2.34 -2.49 -2.54 -2.51 -2.41 -2.41 -2.46 -2.42 -2.40 -2.42 -2.53 -2.61
-2.64 -2.68 -2.66 -2.70 -2.58 -2.62 -2.66 -2.58 -2.57 -2.57 -2.50 -2.54
-2.69 -2.76 -2.69 -2.72 -2.76 -2.82 -2.82 -2.83 -2.85 -2.76 -2.86 -2.91
-2.85 -2.84 -2.79 -2.92 -2.91 -2.91 -2.88 -2.83 -2.75 -2.83 -2.89 -2.88
-2.98 -2.95 -3.05 -2.81 -2.86 -2.97 -2.94 -2.98 -2.95 -2.94 -2.96 -3.01
-3.00 -3.01 -3.02 -2.99 -2.99 -2.98 -3.07 -2.95 -3.06 -2.95 -3.03 -2.94
-2.95 -3.08 -3.00 -3.09 -3.09 -3.10 -3.04 -3.06 -3.04 -2.98 -3.00 -2.97
-2.97 -3.07 -3.06 -3.00 -2.96 -3.01 -2.93 -2.99 -2.90 -3.03 -3.09 -3.16
-3.10 -3.13 -3.03 -3.05 -3.02 -3.06 -3.11 -3.12 -3.13 -3.12 -3.10 -3.20
-3.18 -3.25 -3.27 -3.31 -3.26 -3.35 -3.32 -3.33 -3.41 -3.41 -3.40 -3.42
-2.48 -2.44 -2.35 -2.31 -2.25 -2.21 -2.26 -2.24 -2.40 -2.32 -2.44 -2.46
-2.27 -2.17 -2.27 -2.35 -2.34 -2.42 -2.40 -2.43 -2.46 -2.34 -2.38 -2.25
-2.35 -2.45 -2.42 -2.33 -2.31 -2.43 -2.38 -2.31 -2.30 -2.40 -2.52 -2.60
-2.54 -2.53 -2.59 -2.64 -2.63 -2.62 -2.53 -2.51 -2.50 -2.46 -2.46 -2.64
-2.73 -2.53 -2.52 -2.66 -2.71 -2.78 -2.77 -2.67 -2.69 -2.73 -2.80 -2.74
-2.66 -2.71 -2.76 -2.82 -2.79 -2.77 -2.73 -2.64 -2.68 -2.85 -2.94 -2.94
-2.89 -2.89 -2.77 -2.74 -2.84 -2.91 -2.88 -2.87 -2.89 -2.90 -2.89 -2.84
-2.90 -2.98 -2.91 -2.89 -2.88 -2.97 -2.83 -2.88 -2.90 -2.98 -2.76 -2.83
-2.95 -2.84 -2.93 -2.94 -3.03 -2.89 -2.83 -2.97 -2.89 -2.91 -2.87 -2.88
-2.93 -2.90 -2.95 -2.87 -2.77 -2.90 -2.92 -2.83 -2.87 -3.01 -3.04 -2.92
-3.03 -2.98 -2.96 -3.01 -3.00 -2.99 -2.93 -3.06 -3.03 -3.05 -3.10 -3.04
-3.13 -3.12 -3.15 -3.13 -3.15 -3.13 -3.21 -3.23 -3.25 -3.35 -3.32 -3.27
-2.30 -2.25 -2.22 -2.14 -2.15 -2.11 -2.21 -2.29 -2.30 -2.31 -2.39 -2.19
-2.12 -2.18 -2.27 -2.31 -2.29 -2.29 -2.32 -2.40 -2.31 -2.12 -2.31 -2.27
-2.31 -2.33 -2.24 -2.24 -2.34 -2.34 -2.25 -2.21 -2.27 -2.40 -2.50 -2.52
-2.40 -2.48 -2.48 -2.51 -2.52 -2.39 -2.34 -2.39 -2.41 -2.43 -2.47 -2.58
-2.56 -2.41 -2.46 -2.64 -2.63 -2.61 -2.61 -2.57 -2.63 -2.65 -2.64 -2.65
-2.68 -2.77 -2.68 -2.70 -2.72 -2.67 -2.55 -2.58 -2.70 -2.75 -2.78 -2.77
-2.76 -2.71 -2.62 -2.73 -2.80 -2.74 -2.77 -2.81 -2.81 -2.86 -2.74 -2.85
-2.84 -2.85 -2.82 -2.76 -2.83 -2.74 -2.77 -2.72 -2.83 -2.67 -2.77 -2.83
-2.71 -2.85 -2.82 -2.85 -2.83 -2.77 -2.76 -2.81 -2.88 -2.72 -2.74 -2.88
-2.80 -2.74 -2.74 -2.79 -2.78 -2.73 -2.76 -2.80 -2.88 -2.94 -2.87 -2.81
-2.86 -2.80 -2.80 -2.88 -2.79 -2.90 -2.94 -2.94 -2.97 -2.94 -3.02 -2.97
-2.96 -3.00 -3.05 -3.03 -3.06 -3.09 -3.11 -3.10 -3.16 -3.20 -3.17 -3.20
-2.10 -2.11 -2.03 -2.02 -2.06 -2.07 -2.27 -2.21 -2.30 -2.26 -2.13 -2.06
-2.14 -2.17 -2.22 -2.26 -2.14 -2.20 -2.29 -2.25 -2.09 -2.07 -2.34 -2.24
-2.19 -2.15 -2.15 -2.26 -2.23 -2.20 -2.14 -2.19 -2.29 -2.39 -2.34 -2.35
-2.34 -2.34 -2.33 -2.42 -2.36 -2.29 -2.28 -2.27 -2.31 -2.40 -2.42 -2.41
-2.43 -2.37 -2.43 -2.58 -2.55 -2.52 -2.50 -2.55 -2.57 -2.52 -2.53 -2.55
-2.62 -2.66 -2.58 -2.60 -2.57 -2.46 -2.45 -2.58 -2.66 -2.73 -2.62 -2.71
-2.58 -2.57 -2.62 -2.66 -2.73 -2.65 -2.64 -2.69 -2.70 -2.59 -2.75 -2.67
-2.72 -2.73 -2.71 -2.74 -2.60 -2.70 -2.68 -2.74 -2.61 -2.72 -2.70 -2.59
-2.76 -2.74 -2.77 -2.72 -2.66 -2.69 -2.62 -2.76 -2.56 -2.71 -2.69 -2.72
-2.71 -2.64 -2.66 -2.65 -2.66 -2.65 -2.68 -2.78 -2.91 -2.74 -2.77 -2.73
-2.67 -2.80 -2.73 -2.75 -2.74 -2.83 -2.84 -2.85 -2.87 -2.89 -2.89 -2.81
-2.95 -2.92 -2.94 -2.94 -2.94 -3.02 -3.02 -3.03 -3.03 -3.06 -3.05 -3.08
-1.99 -1.93 -1.94 -1.97 -2.04 -2.13 -2.21 -2.19 -2.23 -2.00 -2.00 -2.06
-2.12 -2.12 -2.16 -2.10 -2.06 -2.18 -2.15 -2.05 -2.07 -2.09 -2.30 -2.14
-2.04 -2.07 -2.17 -2.15 -2.06 -2.12 -2.12 -2.23 -2.25 -2.33 -2.32 -2.34
-2.24 -2.28 -2.34 -2.30 -2.22 -2.23 -2.21 -2.28 -2.42 -2.46 -2.39 -2.33
-2.36 -2.36 -2.39 -2.47 -2.39 -2.39 -2.46 -2.52 -2.52 -2.36 -2.42 -2.54
-2.52 -2.53 -2.45 -2.49 -2.42 -2.39 -2.42 -2.49 -2.63 -2.50 -2.58 -2.48
-2.47 -2.50 -2.56 -2.58 -2.55 -2.52 -2.60 -2.62 -2.56 -2.59 -2.57 -2.59
-2.54 -2.56 -2.62 -2.50 -2.57 -2.62 -2.62 -2.50 -2.64 -2.62 -2.55 -2.63
-2.61 -2.69 -2.66 -2.51 -2.62 -2.58 -2.59 -2.50 -2.55 -2.55 -2.61 -2.55
-2.54 -2.52 -2.59 -2.61 -2.51 -2.56 -2.68 -2.75 -2.61 -2.66 -2.62 -2.61
-2.63 -2.68 -2.63 -2.63 -2.68 -2.68 -2.72 -2.77 -2.78 -2.75 -2.73 -2.80
-2.76 -2.85 -2.84 -2.81 -2.89 -2.84 -2.92 -2.92 -2.91 -2.97 -2.97 -3.07
-1.80 -1.85 -1.89 -1.95 -2.11 -2.08 -2.16 -2.10 -1.98 -1.87 -1.99 -2.03
-2.06 -2.05 -2.00 -2.02 -2.06 -2.05 -1.96 -2.02 -2.09 -2.06 -2.19 -1.98
-1.95 -2.08 -2.04 -1.98 -1.98 -2.13 -2.18 -2.20 -2.11 -2.14 -2.15 -2.14
-2.14 -2.26 -2.09 -2.04 -2.06 -2.13 -2.18 -2.27 -2.32 -2.24 -2.17 -2.26
-2.33 -2.28 -2.34 -2.36 -2.26 -2.36 -2.42 -2.34 -2.40 -2.36 -2.44 -2.45
-2.37 -2.38 -2.32 -2.29 -2.29 -2.39 -2.43 -2.49 -2.46 -2.50 -2.42 -2.39
-2.42 -2.40 -2.39 -2.39 -2.44 -2.49 -2.43 -2.45 -2.48 -2.44 -2.52 -2.47
-2.53 -2.50 -2.39 -2.46 -2.43 -2.60 -2.46 -2.41 -2.54 -2.41 -2.55 -2.50
-2.51 -2.54 -2.48 -2.49 -2.41 -2.50 -2.37 -2.44 -2.48 -2.52 -2.46 -2.40
-2.43 -2.50 -2.43 -2.41 -2.40 -2.58 -2.60 -2.58 -2.52 -2.45 -2.43 -2.53
-2.58 -2.53 -2.52 -2.60 -2.59 -2.57 -2.62 -2.69 -2.63 -2.59 -2.67 -2.66
-2.65 -2.67 -2.70 -2.74 -2.81 -2.82 -2.80 -2.76 -2.82 -2.87 -3.00 -2.86
-1.72 -1.80 -1.87 -2.02 -2.05 -2.02 -2.06 -1.85 -1.84 -1.86 -1.96 -1.97
-1.99 -1.88 -1.92 -2.02 -1.92 -1.85 -1.93 -2.05 -2.05 -1.94 -2.02 -1.89
-1.97 -1.95 -1.87 -1.90 -1.99 -2.21 -2.14 -2.17 -2.09 -2.12 -2.08 -2.11
-2.12 -2.02 -1.94 -2.02 -2.00 -2.04 -2.18 -2.26 -2.18 -2.08 -2.06 -2.22
-2.31 -2.20 -2.16 -2.23 -2.24 -2.29 -2.26 -2.19 -2.23 -2.29 -2.34 -2.32
-2.31 -2.27 -2.13 -2.19 -2.27 -2.34 -2.36 -2.30 -2.34 -2.30 -2.26 -2.34
-2.42 -2.35 -2.35 -2.35 -2.44 -2.37 -2.27 -2.46 -2.42 -2.45 -2.39 -2.38
-2.44 -2.30 -2.37 -2.42 -2.49 -2.39 -2.34 -2.35 -2.34 -2.44 -2.42 -2.42
-2.38 -2.30 -2.37 -2.32 -2.45 -2.30 -2.35 -2.43 -2.42 -2.37 -2.27 -2.30
-2.35 -2.36 -2.30 -2.30 -2.42 -2.57 -2.49 -2.43 -2.42 -2.33 -2.46 -2.49
-2.47 -2.41 -2.50 -2.44 -2.46 -2.51 -2.56 -2.54 -2.55 -2.59 -2.52 -2.56
-2.54 -2.56 -2.69 -2.66 -2.66 -2.64 -2.64 -2.68 -2.73 -2.83 -2.77 -2.85
-1.66 -1.78 -1.94 -1.95 -1.96 -1.90 -1.81 -1.72 -1.82 -1.82 -1.89 -1.89
-1.82 -1.80 -1.91 -1.89 -1.73 -1.81 -1.94 -2.00 -1.92 -1.77 -1.94 -1.92
-1.85 -1.79 -1.80 -1.91 -2.06 -2.17 -2.10 -2.05 -1.97 -1.97 -1.95 -2.04
-1.93 -1.92 -1.94 -1.97 -1.98 -2.13 -2.15 -2.05 -2.05 -2.10 -2.14 -2.17
-2.20 -2.12 -2.12 -2.24 -2.19 -2.13 -2.09 -2.13 -2.20 -2.19 -2.25 -2.22
-2.18 -2.10 -2.05 -2.24 -2.23 -2.25 -2.26 -2.29 -2.14 -2.17 -2.17 -2.24
-2.29 -2.26 -2.26 -2.30 -2.26 -2.20 -2.27 -2.27 -2.30 -2.23 -2.22 -2.27
-2.16 -2.25 -2.32 -2.38 -2.22 -2.29 -2.30 -2.19 -2.27 -2.28 -2.34 -2.24
-2.18 -2.21 -2.28 -2.34 -2.15 -2.29 -2.31 -2.33 -2.25 -2.20 -2.25 -2.19
-2.27 -2.21 -2.19 -2.36 -2.49 -2.38 -2.36 -2.26 -2.24 -2.40 -2.38 -2.35
-2.28 -2.36 -2.33 -2.38 -2.42 -2.45 -2.45 -2.41 -2.51 -2.45 -2.48 -2.43
-2.49 -2.55 -2.49 -2.58 -2.51 -2.52 -2.55 -2.59 -2.69 -2.71 -2.70 -2.73
-1.74 -1.91 -1.91 -1.89 -1.87 -1.74 -1.68 -1.75 -1.83 -1.90 -1.92 -1.84
-1.83 -1.90 -1.87 -1.76 -1.74 -1.83 -1.87 -1.82 -1.73 -1.73 -1.84 -1.87
-1.81 -1.78 -1.84 -1.97 -2.05 -1.97 -1.91 -1.95 -1.84 -1.83 -1.96 -1.89
-1.86 -1.89 -1.88 -1.91 -1.93 -2.00 -2.01 -1.91 -1.95 -2.05 -2.05 -2.09
-2.08 -2.01 -2.09 -2.15 -2.07 -2.05 -2.11 -2.13 -2.10 -2.06 -2.07 -2.08
-1.94 -2.00 -2.10 -2.16 -2.12 -2.21 -2.16 -1.99 -2.08 -2.19 -2.19 -2.16
-2.17 -2.10 -2.20 -2.16 -2.09 -2.20 -2.11 -2.22 -2.13 -2.24 -2.15 -2.01
-2.19 -2.17 -2.25 -2.21 -2.18 -2.26 -2.16 -2.30 -2.22 -2.26 -2.25 -2.09
-2.19 -2.12 -2.27 -2.01 -2.18 -2.22 -2.31 -2.13 -2.17 -2.11 -2.16 -2.11
-2.06 -2.11 -2.24 -2.41 -2.25 -2.20 -2.18 -2.19 -2.24 -2.25 -2.15 -2.17
-2.27 -2.23 -2.23 -2.28 -2.33 -2.28 -2.21 -2.31 -2.32 -2.38 -2.30 -2.37
-2.39 -2.47 -2.45 -2.50 -2.47 -2.47 -2.53 -2.56 -2.57 -2.62 -2.63 -2.63
