-2.65 -4.06 -4.90 -5.18 -4.75 -5.30 -5.81 -6.13 -6.35 -6.29 -6.54 -6.36
-6.30 -6.33 -6.22 -6.15 -5.76 -5.93 -5.83 -5.84 -5.74 -5.87 -5.99 -5.95
-6.03 -6.03 -6.25 -6.14 -6.08 -6.11 -6.11 -6.25 -6.36 -6.27 -6.50 -6.61
-6.52 -6.43 -6.54 -6.52 -6.26 -6.32 -6.14 -6.12 -6.05 -6.03 -5.90 -5.81
-6.00 -5.68 -5.69 -5.55 -5.63 -5.44 -5.40 -5.24 -5.23 -5.13 -5.07 -5.08
-4.90 -4.83 -4.74 -4.79 -4.60 -4.42 -4.45 -4.26 -4.12 -4.14 -4.01 -3.90
-3.85 -3.72 -3.58 -3.56 -3.42 -3.26 -3.22 -3.08 -3.00    NA    NA    NA
NA NA NA NA NA NA NA NA NA NA NA NA
NA NA NA NA NA NA NA NA NA NA NA NA
NA NA NA NA NA NA NA NA NA NA NA NA
NA NA NA NA NA NA NA NA NA NA NA NA
NA NA NA NA NA NA NA NA NA NA NA NA
