      5       3       1 

      3       5       4 

      1       3       2 

      5       1       6 

     10       9       8 

     84      86      85 

      1      97       6 

     81      85      86 

    105      93      67 

      7      10       8 

     97       1      96 

    110     116     104 

     94      66      91 

    105      77      72 

     76      83      72 

     56      55      77 

     77      67      56 

     93     100      67 

     96     111     112 

     84      82      86 

     74     101      71 

    116      95     104 

     68      99      98 

     61     108      62 

     58     100     101 

    108      95      65 

     88      89      90 

     94      71      66 

     16      15      14 

     69      78     102 

    106      21      20 

     78      30      82 

    107      82      30 

     14      79      16 

     29      87      81 

     17      16      18 

     84      83      82 

     20      19      18 

     79      18      16 

     90      87      28 

     80      13      12 

     78      83      76 

     93      91      66 

    102      36      32 

     12      11      99 

    106      79      80 

      7      11      10 

     99      80      12 

     73      43      39 

     22     103      70 

     94     117      71 

     23      22      70 

    111      96       1 

     80      79      14 

     21      68     103 

     32      69     102 

     76      72      75 

     26     137     129 

     57     100      58 

     89      93      64 

     51      50      52 

     44      76      75 

     52      50      49 

    120     117      92 

     54      53      48 

     77      46      75 

     78      82      83 

     48      53      52 

     52      49      48 

     47      77      48 

     81      87      85 

     60      59      74 

     63     123     114 

     76      73     102 

     40      39      41 

    106      68      21 

     84      85      64 

     42      41      43 

     75      45      44 

    122      70     123 

     38      37      73 

     97      11       7 

     43      41      39 

     45      75      46 

     84      64     105 

     46      77      47 

    100      93      66 

     85      89      64 

     77      55      54 

     84      72      83 

     76      43      73 

     64      93     105 

    108     109      95 

     77      54      48 

     94     126      92 

     92     126     130 

     74      71     104 

     29     107      30 

     93      89      91 

     91      89      88 

     32      31      69 

     57      56      67 

     76     102      78 

     75      72      77 

    140     135     139 

     36      35      33 

     28      87      29 

     33      35      34 

     58     101      59 

     78      69      30 

     44      43      76 

     13      80      14 

     32      36      33 

     86      82      81 

     20      18      79 

     38      73      39 

     36      73      37 

     87      90      85 

     94      91     126 

    122     115     121 

    138     134     130 

     90      89      85 

    126      91      88 

     94      92     117 

     74      95      60 

    117     110     104 

     63     114     113 

     68      80      99 

      6      97       7 

     97      96      98 

     96     112     113 

     98     114     103 

     11      97      99 

     98      99      97 

     66     101     100 

     57      67     100 

     71     101      66 

     59     101      74 

    102      73      36 

     21     103      22 

     98     103      68 

    137     135     136 

    120     110     117 

     77     105      67 

     84     105      72 

     79     106      20 

     68     106      80 

     29      81     107 

     82     107      81 

    108      65     112 

    109     108      61 

     61      60     109 

     60      95     109 

     74     104      95 

     65     116      63 

      1      62     111 

    112     111      62 

    108     112      62 

    113     112      65 

     63     113      65 

     98      96     113 

    103     114      70 

    113     114      98 

    134      92     130 

     95     116      65 

    124     115     122 

     24      23     121 

    121      23      70 

    117     104      71 

    116     119      63 

    110     119     116 

    122     119     118 

    118     119     120 

    110     120     119 

    122     121      70 

    115      24     121 

    119     122      63 

    124     122     118 

    114     123      70 

     63     122     123 

    124     131      25 

    115     124      25 

    128      26     129 

    131     124     118 

    118     134     131 

    125      27     127 

    125     127     128 

     28     125     129 

    125     128     129 

     28     137     136 

    136      88      90 

     88     130     126 

    136      90      28 

    132      25     131 

    134     118     120 

    132     131     138 

    135     130      88 

     92     134     120 

    132     138     140 

     28     129     137 

     88     136     135 

     26     133     137 

    140     139     133 

    134     138     131 

    140     130     135 

    135     137     139 

    137     133     139 

    132     140     133 

    130     140     138 

