      5       3 

      3       1 

      1       5 

      5       4 

      4       3 

      3       2 

      2       1 

      1       6 

      6       5 

     10       9 

      9       8 

      8      10 

     84      86 

     86      85 

     85      84 

      1      97 

     97       6 

     81      85 

     86      81 

    105      93 

     93      67 

     67     105 

      7      10 

      8       7 

      1      96 

     96      97 

    110     116 

    116     104 

    104     110 

     94      66 

     66      91 

     91      94 

    105      77 

     77      72 

     72     105 

     76      83 

     83      72 

     72      76 

     56      55 

     55      77 

     77      56 

     77      67 

     67      56 

     93     100 

    100      67 

     96     111 

    111     112 

    112      96 

     84      82 

     82      86 

     74     101 

    101      71 

     71      74 

    116      95 

     95     104 

     68      99 

     99      98 

     98      68 

     61     108 

    108      62 

     62      61 

     58     100 

    100     101 

    101      58 

    108      95 

     95      65 

     65     108 

     88      89 

     89      90 

     90      88 

     94      71 

     71      66 

     16      15 

     15      14 

     14      16 

     69      78 

     78     102 

    102      69 

    106      21 

     21      20 

     20     106 

     78      30 

     30      82 

     82      78 

    107      82 

     30     107 

     14      79 

     79      16 

     29      87 

     87      81 

     81      29 

     17      16 

     16      18 

     18      17 

     84      83 

     83      82 

     20      19 

     19      18 

     18      20 

     79      18 

     90      87 

     87      28 

     28      90 

     80      13 

     13      12 

     12      80 

     78      83 

     76      78 

     93      91 

     66      93 

    102      36 

     36      32 

     32     102 

     12      11 

     11      99 

     99      12 

    106      79 

     79      80 

     80     106 

      7      11 

     11      10 

     99      80 

     73      43 

     43      39 

     39      73 

     22     103 

    103      70 

     70      22 

     94     117 

    117      71 

     23      22 

     70      23 

      1     111 

     14      80 

     21      68 

     68     103 

    103      21 

     32      69 

     72      75 

     75      76 

     26     137 

    137     129 

    129      26 

     57     100 

     58      57 

     89      93 

     93      64 

     64      89 

     51      50 

     50      52 

     52      51 

     44      76 

     75      44 

     50      49 

     49      52 

    120     117 

    117      92 

     92     120 

     54      53 

     53      48 

     48      54 

     77      46 

     46      75 

     75      77 

     53      52 

     52      48 

     49      48 

     47      77 

     77      48 

     48      47 

     87      85 

     60      59 

     59      74 

     74      60 

     63     123 

    123     114 

    114      63 

     76      73 

     73     102 

    102      76 

     40      39 

     39      41 

     41      40 

    106      68 

     85      64 

     64      84 

     42      41 

     41      43 

     43      42 

     75      45 

     45      44 

    122      70 

     70     123 

    123     122 

     38      37 

     37      73 

     73      38 

     97      11 

      7      97 

     46      45 

     64     105 

    105      84 

     47      46 

     66     100 

     85      89 

     55      54 

     54      77 

     84      72 

     76      43 

    108     109 

    109      95 

     94     126 

    126      92 

     92      94 

    126     130 

    130      92 

     71     104 

    104      74 

     29     107 

     30      29 

     89      91 

     88      91 

     32      31 

     31      69 

     57      56 

     67      57 

    140     135 

    135     139 

    139     140 

     36      35 

     35      33 

     33      36 

     29      28 

     35      34 

     34      33 

    101      59 

     59      58 

     69      30 

     44      43 

     14      13 

     33      32 

     82      81 

     79      20 

     39      38 

     36      73 

     37      36 

     90      85 

     91     126 

    122     115 

    115     121 

    121     122 

    138     134 

    134     130 

    130     138 

     88     126 

     74      95 

     95      60 

    117     110 

    104     117 

    114     113 

    113      63 

     68      80 

      7       6 

     96      98 

     98      97 

    112     113 

    113      96 

     98     114 

    114     103 

    103      98 

     97      99 

     66     101 

     22      21 

    137     135 

    135     136 

    136     137 

    120     110 

     81     107 

     65     112 

    112     108 

     61     109 

     61      60 

     60     109 

     65     116 

    116      63 

     63      65 

      1      62 

     62     111 

     62     112 

     65     113 

    113      98 

    114      70 

    134      92 

    124     115 

    122     124 

     24      23 

     23     121 

    121      24 

     70     121 

    116     119 

    119      63 

    110     119 

    122     119 

    119     118 

    118     122 

    119     120 

    120     118 

    115      24 

    122      63 

    118     124 

    124     131 

    131      25 

     25     124 

     25     115 

    128      26 

    129     128 

    118     131 

    118     134 

    134     131 

    125      27 

     27     127 

    127     125 

    127     128 

    128     125 

     28     125 

    125     129 

    129      28 

     28     137 

    136      28 

    136      88 

     90     136 

     88     130 

    132      25 

    131     132 

    120     134 

    131     138 

    138     132 

    135     130 

     88     135 

    138     140 

    140     132 

     26     133 

    133     137 

    139     133 

    133     140 

    140     130 

    137     139 

    133     132 

