    29    26    25
    25    24    23
     5     9     3
    23    22    21
    17    16    14
%     16    11    13
    27    19    18
    28    12     7
%      2     3     1
%     16    22    11
%     16    20    22
    19    17    18
    19    20    17
    16    13    14
    22    20    21
    16    17    20
    29    25    23
    21    20    19
    22    23    24
    21    19    23
    19    27    23
%     26    24    25
    14    15    18
    27    30    29
    23    27    29
    18    30    27
    17    14    18
    13    15    14
     6     7     5
%     12    13    11
    28    15    12
    30    18    15
    10    12    11
    15    13    12
    15    28    30
     2     6     4
    28     7     6
%      6     1    28
     4     5     3
     6     2     1
     7     8     5
     9    11     3
     6     5     4
     8    10     9
     7    10     8
     7    12    10
     8     9     5
    10    11     9
     4     3     2
